2.769999999999999929e+01 1.705999999999999872e+01 1.978000000000000114e+01 1.978000000000000114e+01 1.646000000000000085e+01 3.603999999999999915e+01 1.518999999999999950e+01 2.503999999999999915e+01 3.917999999999999972e+01
2.051999999999999957e+01 1.264000000000000057e+01 1.465000000000000036e+01 1.465000000000000036e+01 1.218999999999999950e+01 2.669999999999999929e+01 1.125000000000000000e+01 1.855000000000000071e+01 2.901999999999999957e+01
1.565000000000000036e+01 9.449999999999999289e+00 1.175000000000000000e+01 1.127999999999999936e+01 1.040000000000000036e+01 2.126000000000000156e+01 8.539999999999999147e+00 1.574000000000000021e+01 3.028000000000000114e+01
1.233000000000000007e+01 7.049999999999999822e+00 9.349999999999999645e+00 9.380000000000000782e+00 1.119999999999999929e+01 1.937000000000000099e+01 6.950000000000000178e+00 1.411999999999999922e+01 3.105999999999999872e+01
9.960000000000000853e+00 5.650000000000000355e+00 7.759999999999999787e+00 7.589999999999999858e+00 1.181000000000000050e+01 1.723999999999999844e+01 5.709999999999999964e+00 1.450999999999999979e+01 3.371999999999999886e+01
8.269999999999999574e+00 4.709999999999999964e+00 6.530000000000000249e+00 6.339999999999999858e+00 1.216000000000000014e+01 1.555000000000000071e+01 4.769999999999999574e+00 1.644999999999999929e+01 3.963000000000000256e+01
7.089999999999999858e+00 4.049999999999999822e+00 5.780000000000000249e+00 5.250000000000000000e+00 1.223000000000000043e+01 1.461999999999999922e+01 4.110000000000000320e+00 1.910999999999999943e+01 4.172999999999999687e+01
6.139999999999999680e+00 3.620000000000000107e+00 5.290000000000000036e+00 4.519999999999999574e+00 1.150999999999999979e+01 1.394999999999999929e+01 3.569999999999999840e+00 2.192000000000000171e+01 4.663000000000000256e+01
5.469999999999999751e+00 3.250000000000000000e+00 4.780000000000000249e+00 3.939999999999999947e+00 1.056000000000000050e+01 1.383000000000000007e+01 3.299999999999999822e+00 2.635999999999999943e+01 5.559000000000000341e+01
5.000000000000000000e+00 3.020000000000000018e+00 4.519999999999999574e+00 3.430000000000000160e+00 1.021000000000000085e+01 1.432000000000000028e+01 3.120000000000000107e+00 3.277000000000000313e+01 6.881999999999999318e+01
4.620000000000000107e+00 2.890000000000000124e+00 4.259999999999999787e+00 2.990000000000000213e+00 9.730000000000000426e+00 1.475000000000000000e+01 3.100000000000000089e+00 4.063000000000000256e+01 8.710999999999999943e+01
4.330000000000000071e+00 2.750000000000000000e+00 4.049999999999999822e+00 2.589999999999999858e+00 9.179999999999999716e+00 1.505000000000000071e+01 3.089999999999999858e+00 5.167999999999999972e+01 1.106099999999999994e+02
4.059999999999999609e+00 2.640000000000000124e+00 3.859999999999999876e+00 2.290000000000000036e+00 8.769999999999999574e+00 1.571000000000000085e+01 3.060000000000000053e+00 6.582999999999999829e+01 1.403700000000000045e+02
3.850000000000000089e+00 2.540000000000000036e+00 3.709999999999999964e+00 2.060000000000000053e+00 8.109999999999999432e+00 1.692999999999999972e+01 3.069999999999999840e+00 7.889000000000000057e+01 1.699499999999999886e+02
3.669999999999999929e+00 2.459999999999999964e+00 3.569999999999999840e+00 1.870000000000000107e+00 7.370000000000000107e+00 1.853000000000000114e+01 3.009999999999999787e+00 8.293000000000000682e+01 1.584699999999999989e+02
3.509999999999999787e+00 2.370000000000000107e+00 3.430000000000000160e+00 1.729999999999999982e+00 6.669999999999999929e+00 1.962000000000000099e+01 2.979999999999999982e+00 7.879999999999999716e+01 1.386899999999999977e+02
3.359999999999999876e+00 2.299999999999999822e+00 3.279999999999999805e+00 1.610000000000000098e+00 6.169999999999999929e+00 2.160999999999999943e+01 2.990000000000000213e+00 7.343999999999999773e+01 1.183199999999999932e+02
3.240000000000000213e+00 2.259999999999999787e+00 3.129999999999999893e+00 1.500000000000000000e+00 5.860000000000000320e+00 2.487999999999999901e+01 3.000000000000000000e+00 6.981999999999999318e+01 1.012099999999999937e+02
3.140000000000000124e+00 2.180000000000000160e+00 3.029999999999999805e+00 1.409999999999999920e+00 5.519999999999999574e+00 2.792999999999999972e+01 3.049999999999999822e+00 7.034999999999999432e+01 8.826999999999999602e+01
3.060000000000000053e+00 2.129999999999999893e+00 2.939999999999999947e+00 1.340000000000000080e+00 5.320000000000000284e+00 3.167999999999999972e+01 3.120000000000000107e+00 7.614000000000000057e+01 7.887999999999999545e+01
2.990000000000000213e+00 2.069999999999999840e+00 2.870000000000000107e+00 1.280000000000000027e+00 5.209999999999999964e+00 3.575999999999999801e+01 3.220000000000000195e+00 8.837000000000000455e+01 7.234999999999999432e+01
2.930000000000000160e+00 2.000000000000000000e+00 2.799999999999999822e+00 1.209999999999999964e+00 5.099999999999999645e+00 3.815999999999999659e+01 3.259999999999999787e+00 1.060799999999999983e+02 6.779000000000000625e+01
2.879999999999999893e+00 1.959999999999999964e+00 2.740000000000000213e+00 1.149999999999999911e+00 4.910000000000000142e+00 3.832999999999999829e+01 3.290000000000000036e+00 1.323199999999999932e+02 6.339999999999999858e+01
2.830000000000000071e+00 1.929999999999999938e+00 2.669999999999999929e+00 1.110000000000000098e+00 4.719999999999999751e+00 3.942000000000000171e+01 3.319999999999999840e+00 1.565600000000000023e+02 5.925999999999999801e+01
2.779999999999999805e+00 1.899999999999999911e+00 2.589999999999999858e+00 1.060000000000000053e+00 4.519999999999999574e+00 3.629999999999999716e+01 3.270000000000000018e+00 1.527700000000000102e+02 5.561999999999999744e+01
2.740000000000000213e+00 1.870000000000000107e+00 2.509999999999999787e+00 1.020000000000000018e+00 4.370000000000000107e+00 3.196000000000000085e+01 3.120000000000000107e+00 1.354799999999999898e+02 5.186999999999999744e+01
2.709999999999999964e+00 1.830000000000000071e+00 2.410000000000000142e+00 9.799999999999999822e-01 4.200000000000000178e+00 2.885999999999999943e+01 2.959999999999999964e+00 1.207500000000000000e+02 4.870000000000000284e+01
2.700000000000000178e+00 1.790000000000000036e+00 2.330000000000000071e+00 9.499999999999999556e-01 4.080000000000000071e+00 2.735000000000000142e+01 2.839999999999999858e+00 1.128400000000000034e+02 4.615999999999999659e+01
2.680000000000000160e+00 1.760000000000000009e+00 2.270000000000000018e+00 9.200000000000000400e-01 3.919999999999999929e+00 2.753999999999999915e+01 2.790000000000000036e+00 1.081800000000000068e+02 4.440999999999999659e+01
2.669999999999999929e+00 1.729999999999999982e+00 2.200000000000000178e+00 8.900000000000000133e-01 3.799999999999999822e+00 2.862999999999999901e+01 2.759999999999999787e+00 1.047900000000000063e+02 4.307999999999999829e+01
2.649999999999999911e+00 1.699999999999999956e+00 2.140000000000000124e+00 8.699999999999999956e-01 3.680000000000000160e+00 3.026000000000000156e+01 2.720000000000000195e+00 1.052999999999999972e+02 4.217999999999999972e+01
2.640000000000000124e+00 1.659999999999999920e+00 2.089999999999999858e+00 8.499999999999999778e-01 3.529999999999999805e+00 3.191000000000000014e+01 2.709999999999999964e+00 1.089500000000000028e+02 4.161999999999999744e+01
2.629999999999999893e+00 1.629999999999999893e+00 2.040000000000000036e+00 8.399999999999999689e-01 3.379999999999999893e+00 3.388000000000000256e+01 2.680000000000000160e+00 1.165799999999999983e+02 4.132000000000000028e+01
2.609999999999999876e+00 1.600000000000000089e+00 1.989999999999999991e+00 8.299999999999999600e-01 3.229999999999999982e+00 3.675999999999999801e+01 2.669999999999999929e+00 1.252099999999999937e+02 4.139999999999999858e+01
2.600000000000000089e+00 1.570000000000000062e+00 1.949999999999999956e+00 8.100000000000000533e-01 3.129999999999999893e+00 3.735999999999999943e+01 2.689999999999999947e+00 1.343000000000000114e+02 4.131000000000000227e+01
2.600000000000000089e+00 1.540000000000000036e+00 1.909999999999999920e+00 8.000000000000000444e-01 3.029999999999999805e+00 3.700000000000000000e+01 2.680000000000000160e+00 1.350699999999999932e+02 4.107999999999999829e+01
2.589999999999999858e+00 1.520000000000000018e+00 1.879999999999999893e+00 7.900000000000000355e-01 2.919999999999999929e+00 3.528999999999999915e+01 2.660000000000000142e+00 1.303400000000000034e+02 4.088000000000000256e+01
2.580000000000000071e+00 1.500000000000000000e+00 1.840000000000000080e+00 7.800000000000000266e-01 2.839999999999999858e+00 3.425999999999999801e+01 2.640000000000000124e+00 1.229200000000000017e+02 4.077000000000000313e+01
2.569999999999999840e+00 1.479999999999999982e+00 1.820000000000000062e+00 7.700000000000000178e-01 2.779999999999999805e+00 3.406000000000000227e+01 2.600000000000000089e+00 1.180199999999999960e+02 4.057000000000000028e+01
2.569999999999999840e+00 1.469999999999999973e+00 1.790000000000000036e+00 7.700000000000000178e-01 2.680000000000000160e+00 3.467999999999999972e+01 2.589999999999999858e+00 1.166899999999999977e+02 4.021000000000000085e+01
2.560000000000000053e+00 1.459999999999999964e+00 1.760000000000000009e+00 7.600000000000000089e-01 2.609999999999999876e+00 3.650000000000000000e+01 2.600000000000000089e+00 1.177699999999999960e+02 3.974000000000000199e+01
2.569999999999999840e+00 1.449999999999999956e+00 1.750000000000000000e+00 7.600000000000000089e-01 2.540000000000000036e+00 3.940999999999999659e+01 2.649999999999999911e+00 1.208799999999999955e+02 3.946000000000000085e+01
2.569999999999999840e+00 1.449999999999999956e+00 1.729999999999999982e+00 7.500000000000000000e-01 2.500000000000000000e+00 4.357000000000000028e+01 2.720000000000000195e+00 1.263400000000000034e+02 3.918999999999999773e+01
2.589999999999999858e+00 1.429999999999999938e+00 1.719999999999999973e+00 7.500000000000000000e-01 2.439999999999999947e+00 4.614999999999999858e+01 2.770000000000000018e+00 1.316599999999999966e+02 3.882999999999999829e+01
2.589999999999999858e+00 1.429999999999999938e+00 1.699999999999999956e+00 7.500000000000000000e-01 2.379999999999999893e+00 4.903000000000000114e+01 2.810000000000000053e+00 1.314300000000000068e+02 3.832000000000000028e+01
2.609999999999999876e+00 1.409999999999999920e+00 1.679999999999999938e+00 7.399999999999999911e-01 2.330000000000000071e+00 4.938000000000000256e+01 2.859999999999999876e+00 1.299699999999999989e+02 3.778999999999999915e+01
2.620000000000000107e+00 1.399999999999999911e+00 1.659999999999999920e+00 7.399999999999999911e-01 2.290000000000000036e+00 4.799000000000000199e+01 2.890000000000000124e+00 1.266299999999999955e+02 3.732000000000000028e+01
2.629999999999999893e+00 1.399999999999999911e+00 1.639999999999999902e+00 7.399999999999999911e-01 2.279999999999999805e+00 4.747999999999999687e+01 2.890000000000000124e+00 1.221800000000000068e+02 3.685999999999999943e+01
2.640000000000000124e+00 1.389999999999999902e+00 1.629999999999999893e+00 7.399999999999999911e-01 2.270000000000000018e+00 4.650000000000000000e+01 2.910000000000000142e+00 1.204800000000000040e+02 3.671000000000000085e+01
2.660000000000000142e+00 1.379999999999999893e+00 1.620000000000000107e+00 7.399999999999999911e-01 2.279999999999999805e+00 4.732999999999999829e+01 2.919999999999999929e+00 1.213900000000000006e+02 3.647999999999999687e+01
2.669999999999999929e+00 1.370000000000000107e+00 1.610000000000000098e+00 7.399999999999999911e-01 2.299999999999999822e+00 4.928999999999999915e+01 2.899999999999999911e+00 1.250199999999999960e+02 3.617000000000000171e+01
2.689999999999999947e+00 1.370000000000000107e+00 1.590000000000000080e+00 7.399999999999999911e-01 2.319999999999999840e+00 5.189000000000000057e+01 2.859999999999999876e+00 1.287800000000000011e+02 3.589999999999999858e+01
2.709999999999999964e+00 1.370000000000000107e+00 1.580000000000000071e+00 7.399999999999999911e-01 2.319999999999999840e+00 5.156000000000000227e+01 2.879999999999999893e+00 1.328100000000000023e+02 3.564000000000000057e+01
2.720000000000000195e+00 1.360000000000000098e+00 1.570000000000000062e+00 7.399999999999999911e-01 2.350000000000000089e+00 4.850000000000000000e+01 2.910000000000000142e+00 1.316599999999999966e+02 3.539999999999999858e+01
2.729999999999999982e+00 1.360000000000000098e+00 1.560000000000000053e+00 7.399999999999999911e-01 2.379999999999999893e+00 4.678999999999999915e+01 2.919999999999999929e+00 1.273499999999999943e+02 3.511999999999999744e+01
2.740000000000000213e+00 1.360000000000000098e+00 1.560000000000000053e+00 7.399999999999999911e-01 2.410000000000000142e+00 4.449000000000000199e+01 2.859999999999999876e+00 1.238499999999999943e+02 3.499000000000000199e+01
2.759999999999999787e+00 1.360000000000000098e+00 1.540000000000000036e+00 7.399999999999999911e-01 2.439999999999999947e+00 4.314999999999999858e+01 2.839999999999999858e+00 1.209099999999999966e+02 3.495000000000000284e+01
2.770000000000000018e+00 1.360000000000000098e+00 1.530000000000000027e+00 7.399999999999999911e-01 2.479999999999999982e+00 4.296000000000000085e+01 2.870000000000000107e+00 1.189500000000000028e+02 3.495000000000000284e+01
2.779999999999999805e+00 1.360000000000000098e+00 1.530000000000000027e+00 7.500000000000000000e-01 2.520000000000000018e+00 4.342000000000000171e+01 2.870000000000000107e+00 1.140000000000000000e+02 3.500999999999999801e+01
2.790000000000000036e+00 1.360000000000000098e+00 1.520000000000000018e+00 7.500000000000000000e-01 2.560000000000000053e+00 4.550000000000000000e+01 2.890000000000000124e+00 1.086200000000000045e+02 3.545000000000000284e+01
2.799999999999999822e+00 1.360000000000000098e+00 1.510000000000000009e+00 7.500000000000000000e-01 2.609999999999999876e+00 4.957000000000000028e+01 2.950000000000000178e+00 1.053900000000000006e+02 3.589999999999999858e+01
2.810000000000000053e+00 1.360000000000000098e+00 1.500000000000000000e+00 7.600000000000000089e-01 2.629999999999999893e+00 5.688000000000000256e+01 3.009999999999999787e+00 1.048199999999999932e+02 3.635999999999999943e+01
2.819999999999999840e+00 1.360000000000000098e+00 1.500000000000000000e+00 7.600000000000000089e-01 2.649999999999999911e+00 6.096999999999999886e+01 3.080000000000000071e+00 1.044399999999999977e+02 3.685999999999999943e+01
2.830000000000000071e+00 1.360000000000000098e+00 1.489999999999999991e+00 7.600000000000000089e-01 2.649999999999999911e+00 6.762000000000000455e+01 3.109999999999999876e+00 1.053100000000000023e+02 3.740999999999999659e+01
2.850000000000000089e+00 1.360000000000000098e+00 1.479999999999999982e+00 7.600000000000000089e-01 2.640000000000000124e+00 7.470999999999999375e+01 3.089999999999999858e+00 1.075000000000000000e+02 3.784000000000000341e+01
2.859999999999999876e+00 1.370000000000000107e+00 1.469999999999999973e+00 7.600000000000000089e-01 2.669999999999999929e+00 6.781000000000000227e+01 3.020000000000000018e+00 1.077399999999999949e+02 3.810000000000000142e+01
2.859999999999999876e+00 1.370000000000000107e+00 1.459999999999999964e+00 7.600000000000000089e-01 2.700000000000000178e+00 6.171000000000000085e+01 3.009999999999999787e+00 1.059300000000000068e+02 3.842999999999999972e+01
2.879999999999999893e+00 1.370000000000000107e+00 1.459999999999999964e+00 7.600000000000000089e-01 2.720000000000000195e+00 5.875000000000000000e+01 3.009999999999999787e+00 1.050100000000000051e+02 3.882999999999999829e+01
2.890000000000000124e+00 1.379999999999999893e+00 1.449999999999999956e+00 7.600000000000000089e-01 2.740000000000000213e+00 5.745000000000000284e+01 3.020000000000000018e+00 1.052600000000000051e+02 3.921999999999999886e+01
2.899999999999999911e+00 1.379999999999999893e+00 1.439999999999999947e+00 7.700000000000000178e-01 2.770000000000000018e+00 5.796000000000000085e+01 3.060000000000000053e+00 1.049500000000000028e+02 3.957999999999999829e+01
2.919999999999999929e+00 1.389999999999999902e+00 1.429999999999999938e+00 7.700000000000000178e-01 2.810000000000000053e+00 6.067000000000000171e+01 3.080000000000000071e+00 1.065300000000000011e+02 4.013000000000000256e+01
2.930000000000000160e+00 1.389999999999999902e+00 1.429999999999999938e+00 7.700000000000000178e-01 2.859999999999999876e+00 6.288000000000000256e+01 3.069999999999999840e+00 1.075699999999999932e+02 4.082000000000000028e+01
2.950000000000000178e+00 1.399999999999999911e+00 1.419999999999999929e+00 7.700000000000000178e-01 2.899999999999999911e+00 6.751000000000000512e+01 3.140000000000000124e+00 1.075300000000000011e+02 4.135000000000000142e+01
2.959999999999999964e+00 1.409999999999999920e+00 1.409999999999999920e+00 7.700000000000000178e-01 2.919999999999999929e+00 7.070999999999999375e+01 3.160000000000000142e+00 1.084800000000000040e+02 4.206000000000000227e+01
2.970000000000000195e+00 1.419999999999999929e+00 1.399999999999999911e+00 7.700000000000000178e-01 2.899999999999999911e+00 7.487000000000000455e+01 3.209999999999999964e+00 1.066899999999999977e+02 4.277000000000000313e+01
2.979999999999999982e+00 1.419999999999999929e+00 1.399999999999999911e+00 7.700000000000000178e-01 2.839999999999999858e+00 7.731000000000000227e+01 3.279999999999999805e+00 1.032199999999999989e+02 4.342000000000000171e+01
3.000000000000000000e+00 1.429999999999999938e+00 1.389999999999999902e+00 7.700000000000000178e-01 2.810000000000000053e+00 8.139000000000000057e+01 3.330000000000000071e+00 1.008700000000000045e+02 4.385999999999999943e+01
3.009999999999999787e+00 1.429999999999999938e+00 1.379999999999999893e+00 7.700000000000000178e-01 2.790000000000000036e+00 8.346999999999999886e+01 3.299999999999999822e+00 9.871999999999999886e+01 4.453000000000000114e+01
3.020000000000000018e+00 1.429999999999999938e+00 1.379999999999999893e+00 7.700000000000000178e-01 2.790000000000000036e+00 8.626999999999999602e+01 3.310000000000000053e+00 9.742000000000000171e+01 4.535000000000000142e+01
3.029999999999999805e+00 1.439999999999999947e+00 1.370000000000000107e+00 7.700000000000000178e-01 2.790000000000000036e+00 8.403000000000000114e+01 3.339999999999999858e+00 9.590999999999999659e+01 4.592000000000000171e+01
3.049999999999999822e+00 1.449999999999999956e+00 1.370000000000000107e+00 7.700000000000000178e-01 2.799999999999999822e+00 8.784999999999999432e+01 3.410000000000000142e+00 9.531000000000000227e+01 4.646999999999999886e+01
3.060000000000000053e+00 1.459999999999999964e+00 1.360000000000000098e+00 7.700000000000000178e-01 2.799999999999999822e+00 9.342000000000000171e+01 3.500000000000000000e+00 9.420000000000000284e+01 4.707000000000000028e+01
3.069999999999999840e+00 1.469999999999999973e+00 1.350000000000000089e+00 7.700000000000000178e-01 2.830000000000000071e+00 1.000900000000000034e+02 3.540000000000000036e+00 9.390000000000000568e+01 4.747999999999999687e+01
3.089999999999999858e+00 1.469999999999999973e+00 1.350000000000000089e+00 7.800000000000000266e-01 2.839999999999999858e+00 1.011099999999999994e+02 3.589999999999999858e+00 9.256999999999999318e+01 4.782999999999999829e+01
3.100000000000000089e+00 1.469999999999999973e+00 1.340000000000000080e+00 7.800000000000000266e-01 2.839999999999999858e+00 9.631999999999999318e+01 3.609999999999999876e+00 9.121999999999999886e+01 4.806000000000000227e+01
3.120000000000000107e+00 1.479999999999999982e+00 1.330000000000000071e+00 7.800000000000000266e-01 2.850000000000000089e+00 8.726999999999999602e+01 3.640000000000000124e+00 8.917000000000000171e+01 4.807000000000000028e+01
3.129999999999999893e+00 1.479999999999999982e+00 1.330000000000000071e+00 7.800000000000000266e-01 2.910000000000000142e+00 8.154999999999999716e+01 3.649999999999999911e+00 8.760999999999999943e+01 4.840999999999999659e+01
3.149999999999999911e+00 1.489999999999999991e+00 1.330000000000000071e+00 7.900000000000000355e-01 2.959999999999999964e+00 7.901999999999999602e+01 3.609999999999999876e+00 8.792000000000000171e+01 4.886999999999999744e+01
3.169999999999999929e+00 1.489999999999999991e+00 1.320000000000000062e+00 7.900000000000000355e-01 2.979999999999999982e+00 7.487000000000000455e+01 3.640000000000000124e+00 9.195000000000000284e+01 4.910999999999999943e+01
3.189999999999999947e+00 1.489999999999999991e+00 1.320000000000000062e+00 7.900000000000000355e-01 2.979999999999999982e+00 7.420999999999999375e+01 3.600000000000000089e+00 9.784000000000000341e+01 4.950000000000000000e+01
3.209999999999999964e+00 1.500000000000000000e+00 1.320000000000000062e+00 8.000000000000000444e-01 2.979999999999999982e+00 7.273000000000000398e+01 3.540000000000000036e+00 1.048199999999999932e+02 5.018999999999999773e+01
3.229999999999999982e+00 1.500000000000000000e+00 1.320000000000000062e+00 8.000000000000000444e-01 2.970000000000000195e+00 7.059999999999999432e+01 3.520000000000000018e+00 1.113799999999999955e+02 5.086999999999999744e+01
3.250000000000000000e+00 1.510000000000000009e+00 1.310000000000000053e+00 8.000000000000000444e-01 2.950000000000000178e+00 6.721999999999999886e+01 3.439999999999999947e+00 1.167199999999999989e+02 5.139999999999999858e+01
3.270000000000000018e+00 1.510000000000000009e+00 1.310000000000000053e+00 8.000000000000000444e-01 2.919999999999999929e+00 6.245000000000000284e+01 3.390000000000000124e+00 1.175999999999999943e+02 5.163000000000000256e+01
3.290000000000000036e+00 1.520000000000000018e+00 1.300000000000000044e+00 8.100000000000000533e-01 2.850000000000000089e+00 5.772999999999999687e+01 3.439999999999999947e+00 1.161800000000000068e+02 5.171999999999999886e+01
3.310000000000000053e+00 1.520000000000000018e+00 1.300000000000000044e+00 8.100000000000000533e-01 2.799999999999999822e+00 5.332999999999999829e+01 3.520000000000000018e+00 1.124300000000000068e+02 5.171000000000000085e+01
3.330000000000000071e+00 1.530000000000000027e+00 1.300000000000000044e+00 8.100000000000000533e-01 2.759999999999999787e+00 5.011999999999999744e+01 3.569999999999999840e+00 1.089200000000000017e+02 5.186999999999999744e+01
3.350000000000000089e+00 1.540000000000000036e+00 1.290000000000000036e+00 8.199999999999999512e-01 2.750000000000000000e+00 4.759000000000000341e+01 3.700000000000000178e+00 1.071200000000000045e+02 5.196000000000000085e+01
3.379999999999999893e+00 1.550000000000000044e+00 1.290000000000000036e+00 8.199999999999999512e-01 2.740000000000000213e+00 4.700000000000000000e+01 3.729999999999999982e+00 1.065699999999999932e+02 5.236999999999999744e+01
3.410000000000000142e+00 1.560000000000000053e+00 1.280000000000000027e+00 8.299999999999999600e-01 2.700000000000000178e+00 4.693999999999999773e+01 3.759999999999999787e+00 1.081899999999999977e+02 5.242999999999999972e+01
3.439999999999999947e+00 1.570000000000000062e+00 1.280000000000000027e+00 8.299999999999999600e-01 2.649999999999999911e+00 4.775999999999999801e+01 3.729999999999999982e+00 1.107099999999999937e+02 5.240999999999999659e+01
3.479999999999999982e+00 1.580000000000000071e+00 1.280000000000000027e+00 8.399999999999999689e-01 2.580000000000000071e+00 4.961999999999999744e+01 3.680000000000000160e+00 1.141899999999999977e+02 5.221000000000000085e+01
3.509999999999999787e+00 1.590000000000000080e+00 1.270000000000000018e+00 8.399999999999999689e-01 2.529999999999999805e+00 5.110999999999999943e+01 3.669999999999999929e+00 1.168799999999999955e+02 5.245000000000000284e+01
3.540000000000000036e+00 1.600000000000000089e+00 1.270000000000000018e+00 8.499999999999999778e-01 2.490000000000000213e+00 5.242000000000000171e+01 3.600000000000000089e+00 1.156500000000000057e+02 5.264999999999999858e+01
3.569999999999999840e+00 1.600000000000000089e+00 1.270000000000000018e+00 8.499999999999999778e-01 2.479999999999999982e+00 5.660999999999999943e+01 3.500000000000000000e+00 1.147000000000000028e+02 5.238000000000000256e+01
3.600000000000000089e+00 1.610000000000000098e+00 1.260000000000000009e+00 8.499999999999999778e-01 2.459999999999999964e+00 5.828000000000000114e+01 3.450000000000000178e+00 1.130900000000000034e+02 5.199000000000000199e+01
3.629999999999999893e+00 1.620000000000000107e+00 1.260000000000000009e+00 8.499999999999999778e-01 2.470000000000000195e+00 5.867000000000000171e+01 3.490000000000000213e+00 1.107600000000000051e+02 5.131000000000000227e+01
3.660000000000000142e+00 1.629999999999999893e+00 1.250000000000000000e+00 8.399999999999999689e-01 2.459999999999999964e+00 5.946000000000000085e+01 3.569999999999999840e+00 1.075499999999999972e+02 5.032000000000000028e+01
3.689999999999999947e+00 1.639999999999999902e+00 1.250000000000000000e+00 8.299999999999999600e-01 2.450000000000000178e+00 6.124000000000000199e+01 3.759999999999999787e+00 1.049800000000000040e+02 4.971999999999999886e+01
3.720000000000000195e+00 1.649999999999999911e+00 1.250000000000000000e+00 8.299999999999999600e-01 2.439999999999999947e+00 6.409999999999999432e+01 3.959999999999999964e+00 1.035699999999999932e+02 4.935000000000000142e+01
3.759999999999999787e+00 1.659999999999999920e+00 1.239999999999999991e+00 8.299999999999999600e-01 2.399999999999999911e+00 7.046999999999999886e+01 4.160000000000000142e+00 1.030300000000000011e+02 4.879999999999999716e+01
3.790000000000000036e+00 1.659999999999999920e+00 1.239999999999999991e+00 8.199999999999999512e-01 2.339999999999999858e+00 7.654000000000000625e+01 4.379999999999999893e+00 1.032800000000000011e+02 4.845000000000000284e+01
3.819999999999999840e+00 1.669999999999999929e+00 1.239999999999999991e+00 8.100000000000000533e-01 2.299999999999999822e+00 8.290000000000000568e+01 4.519999999999999574e+00 9.893000000000000682e+01 4.825999999999999801e+01
3.850000000000000089e+00 1.669999999999999929e+00 1.239999999999999991e+00 8.000000000000000444e-01 2.250000000000000000e+00 8.845999999999999375e+01 4.549999999999999822e+00 9.331999999999999318e+01 4.832000000000000028e+01
3.879999999999999893e+00 1.679999999999999938e+00 1.229999999999999982e+00 7.900000000000000355e-01 2.240000000000000213e+00 8.657999999999999829e+01 4.480000000000000426e+00 8.787999999999999545e+01 4.828000000000000114e+01
3.910000000000000142e+00 1.679999999999999938e+00 1.229999999999999982e+00 7.800000000000000266e-01 2.259999999999999787e+00 8.234000000000000341e+01 4.509999999999999787e+00 8.334000000000000341e+01 4.824000000000000199e+01
3.939999999999999947e+00 1.689999999999999947e+00 1.229999999999999982e+00 7.800000000000000266e-01 2.259999999999999787e+00 8.300000000000000000e+01 4.580000000000000071e+00 7.853000000000000114e+01 4.804999999999999716e+01
3.970000000000000195e+00 1.699999999999999956e+00 1.219999999999999973e+00 7.700000000000000178e-01 2.279999999999999805e+00 8.442000000000000171e+01 4.599999999999999645e+00 7.489000000000000057e+01 4.779999999999999716e+01
4.000000000000000000e+00 1.699999999999999956e+00 1.219999999999999973e+00 7.600000000000000089e-01 2.299999999999999822e+00 8.903000000000000114e+01 4.620000000000000107e+00 7.223999999999999488e+01 4.792000000000000171e+01
4.040000000000000036e+00 1.699999999999999956e+00 1.219999999999999973e+00 7.600000000000000089e-01 2.299999999999999822e+00 9.501000000000000512e+01 4.540000000000000036e+00 6.979000000000000625e+01 4.802000000000000313e+01
4.080000000000000071e+00 1.699999999999999956e+00 1.219999999999999973e+00 7.500000000000000000e-01 2.310000000000000053e+00 1.045400000000000063e+02 4.330000000000000071e+00 6.803000000000000114e+01 4.799000000000000199e+01
4.110000000000000320e+00 1.699999999999999956e+00 1.219999999999999973e+00 7.399999999999999911e-01 2.350000000000000089e+00 1.111299999999999955e+02 4.150000000000000355e+00 6.601000000000000512e+01 4.778000000000000114e+01
4.150000000000000355e+00 1.689999999999999947e+00 1.209999999999999964e+00 7.299999999999999822e-01 2.390000000000000124e+00 1.005000000000000000e+02 4.080000000000000071e+00 6.340999999999999659e+01 4.722999999999999687e+01
4.179999999999999716e+00 1.689999999999999947e+00 1.209999999999999964e+00 7.199999999999999734e-01 2.419999999999999929e+00 8.890999999999999659e+01 3.930000000000000160e+00 6.153000000000000114e+01 4.660999999999999943e+01
4.209999999999999964e+00 1.689999999999999947e+00 1.199999999999999956e+00 7.099999999999999645e-01 2.419999999999999929e+00 8.579000000000000625e+01 3.839999999999999858e+00 6.103000000000000114e+01 4.603000000000000114e+01
4.250000000000000000e+00 1.689999999999999947e+00 1.199999999999999956e+00 6.999999999999999556e-01 2.430000000000000160e+00 9.034999999999999432e+01 3.759999999999999787e+00 6.156000000000000227e+01 4.603999999999999915e+01
4.290000000000000036e+00 1.689999999999999947e+00 1.189999999999999947e+00 6.899999999999999467e-01 2.419999999999999929e+00 9.771999999999999886e+01 3.669999999999999929e+00 6.381000000000000227e+01 4.639999999999999858e+01
4.330000000000000071e+00 1.699999999999999956e+00 1.189999999999999947e+00 6.899999999999999467e-01 2.459999999999999964e+00 1.021299999999999955e+02 3.430000000000000160e+00 6.562999999999999545e+01 4.661999999999999744e+01
4.370000000000000107e+00 1.709999999999999964e+00 1.189999999999999947e+00 6.800000000000000488e-01 2.500000000000000000e+00 9.745999999999999375e+01 3.189999999999999947e+00 6.715000000000000568e+01 4.684000000000000341e+01
4.410000000000000142e+00 1.719999999999999973e+00 1.189999999999999947e+00 6.700000000000000400e-01 2.529999999999999805e+00 9.479000000000000625e+01 3.020000000000000018e+00 6.857999999999999829e+01 4.725000000000000000e+01
4.450000000000000178e+00 1.719999999999999973e+00 1.189999999999999947e+00 6.700000000000000400e-01 2.589999999999999858e+00 8.870000000000000284e+01 2.819999999999999840e+00 6.992000000000000171e+01 4.781000000000000227e+01
4.500000000000000000e+00 1.729999999999999982e+00 1.179999999999999938e+00 6.600000000000000311e-01 2.629999999999999893e+00 8.725000000000000000e+01 2.729999999999999982e+00 7.223000000000000398e+01 4.875999999999999801e+01
4.549999999999999822e+00 1.729999999999999982e+00 1.179999999999999938e+00 6.600000000000000311e-01 2.649999999999999911e+00 8.737000000000000455e+01 2.649999999999999911e+00 7.481000000000000227e+01 5.050000000000000000e+01
4.599999999999999645e+00 1.739999999999999991e+00 1.179999999999999938e+00 6.500000000000000222e-01 2.680000000000000160e+00 9.045999999999999375e+01 2.509999999999999787e+00 7.687999999999999545e+01 5.236999999999999744e+01
4.650000000000000355e+00 1.739999999999999991e+00 1.179999999999999938e+00 6.500000000000000222e-01 2.680000000000000160e+00 9.150000000000000000e+01 2.410000000000000142e+00 7.946999999999999886e+01 5.443999999999999773e+01
4.700000000000000178e+00 1.739999999999999991e+00 1.179999999999999938e+00 6.400000000000000133e-01 2.669999999999999929e+00 8.923000000000000398e+01 2.310000000000000053e+00 8.093000000000000682e+01 5.584000000000000341e+01
4.740000000000000213e+00 1.750000000000000000e+00 1.179999999999999938e+00 6.400000000000000133e-01 2.660000000000000142e+00 8.531999999999999318e+01 2.250000000000000000e+00 8.237999999999999545e+01 5.681000000000000227e+01
4.799999999999999822e+00 1.750000000000000000e+00 1.189999999999999947e+00 6.300000000000000044e-01 2.669999999999999929e+00 7.998999999999999488e+01 2.169999999999999929e+00 8.490999999999999659e+01 5.803999999999999915e+01
4.860000000000000320e+00 1.750000000000000000e+00 1.189999999999999947e+00 6.300000000000000044e-01 2.680000000000000160e+00 7.503000000000000114e+01 2.129999999999999893e+00 8.870999999999999375e+01 5.885000000000000142e+01
4.929999999999999716e+00 1.750000000000000000e+00 1.199999999999999956e+00 6.199999999999999956e-01 2.660000000000000142e+00 7.209999999999999432e+01 2.129999999999999893e+00 9.201999999999999602e+01 5.911999999999999744e+01
5.000000000000000000e+00 1.750000000000000000e+00 1.199999999999999956e+00 6.199999999999999956e-01 2.629999999999999893e+00 7.075000000000000000e+01 2.160000000000000142e+00 9.767000000000000171e+01 5.988000000000000256e+01
5.070000000000000284e+00 1.739999999999999991e+00 1.199999999999999956e+00 6.099999999999999867e-01 2.580000000000000071e+00 6.793000000000000682e+01 2.200000000000000178e+00 1.029200000000000017e+02 6.078000000000000114e+01
5.160000000000000142e+00 1.739999999999999991e+00 1.199999999999999956e+00 6.099999999999999867e-01 2.520000000000000018e+00 6.531000000000000227e+01 2.220000000000000195e+00 1.070400000000000063e+02 6.184000000000000341e+01
5.230000000000000426e+00 1.739999999999999991e+00 1.199999999999999956e+00 5.999999999999999778e-01 2.470000000000000195e+00 6.421999999999999886e+01 2.220000000000000195e+00 1.095600000000000023e+02 6.181000000000000227e+01
5.309999999999999609e+00 1.729999999999999982e+00 1.209999999999999964e+00 5.999999999999999778e-01 2.399999999999999911e+00 6.335999999999999943e+01 2.169999999999999929e+00 1.092000000000000028e+02 6.097999999999999687e+01
5.389999999999999680e+00 1.729999999999999982e+00 1.209999999999999964e+00 5.999999999999999778e-01 2.339999999999999858e+00 6.118999999999999773e+01 2.080000000000000071e+00 1.081800000000000068e+02 6.003999999999999915e+01
5.480000000000000426e+00 1.719999999999999973e+00 1.199999999999999956e+00 5.999999999999999778e-01 2.270000000000000018e+00 5.865999999999999659e+01 2.049999999999999822e+00 1.036099999999999994e+02 5.882999999999999829e+01
5.559999999999999609e+00 1.719999999999999973e+00 1.199999999999999956e+00 5.999999999999999778e-01 2.220000000000000195e+00 5.870000000000000284e+01 2.040000000000000036e+00 1.010400000000000063e+02 5.800999999999999801e+01
5.660000000000000142e+00 1.719999999999999973e+00 1.199999999999999956e+00 5.999999999999999778e-01 2.200000000000000178e+00 5.967999999999999972e+01 2.020000000000000018e+00 9.818999999999999773e+01 5.782000000000000028e+01
5.769999999999999574e+00 1.709999999999999964e+00 1.189999999999999947e+00 5.999999999999999778e-01 2.160000000000000142e+00 6.142000000000000171e+01 2.040000000000000036e+00 9.712999999999999545e+01 5.840999999999999659e+01
5.879999999999999893e+00 1.709999999999999964e+00 1.189999999999999947e+00 5.999999999999999778e-01 2.140000000000000124e+00 6.253000000000000114e+01 2.080000000000000071e+00 9.754999999999999716e+01 5.978000000000000114e+01
5.980000000000000426e+00 1.699999999999999956e+00 1.179999999999999938e+00 5.999999999999999778e-01 2.129999999999999893e+00 6.303999999999999915e+01 2.089999999999999858e+00 1.015300000000000011e+02 6.086999999999999744e+01
6.089999999999999858e+00 1.699999999999999956e+00 1.179999999999999938e+00 5.999999999999999778e-01 2.120000000000000107e+00 6.182000000000000028e+01 2.129999999999999893e+00 1.050199999999999960e+02 6.157000000000000028e+01
6.179999999999999716e+00 1.699999999999999956e+00 1.169999999999999929e+00 5.999999999999999778e-01 2.120000000000000107e+00 6.203000000000000114e+01 2.169999999999999929e+00 1.053799999999999955e+02 6.204999999999999716e+01
6.259999999999999787e+00 1.689999999999999947e+00 1.169999999999999929e+00 6.099999999999999867e-01 2.120000000000000107e+00 6.207000000000000028e+01 2.180000000000000160e+00 1.034699999999999989e+02 6.231000000000000227e+01
6.349999999999999645e+00 1.689999999999999947e+00 1.169999999999999929e+00 6.099999999999999867e-01 2.129999999999999893e+00 6.218999999999999773e+01 2.200000000000000178e+00 1.013100000000000023e+02 6.279999999999999716e+01
6.450000000000000178e+00 1.689999999999999947e+00 1.159999999999999920e+00 6.099999999999999867e-01 2.100000000000000089e+00 6.003000000000000114e+01 2.169999999999999929e+00 1.012300000000000040e+02 6.359000000000000341e+01
6.549999999999999822e+00 1.679999999999999938e+00 1.159999999999999920e+00 6.099999999999999867e-01 2.049999999999999822e+00 5.943999999999999773e+01 2.160000000000000142e+00 1.035999999999999943e+02 6.542000000000000171e+01
6.660000000000000142e+00 1.669999999999999929e+00 1.149999999999999911e+00 6.099999999999999867e-01 2.009999999999999787e+00 6.165999999999999659e+01 2.129999999999999893e+00 1.046700000000000017e+02 6.762000000000000455e+01
6.769999999999999574e+00 1.669999999999999929e+00 1.149999999999999911e+00 6.099999999999999867e-01 1.969999999999999973e+00 6.412999999999999545e+01 2.080000000000000071e+00 1.074599999999999937e+02 6.879000000000000625e+01
6.870000000000000107e+00 1.669999999999999929e+00 1.139999999999999902e+00 6.099999999999999867e-01 1.939999999999999947e+00 6.656000000000000227e+01 2.000000000000000000e+00 1.047300000000000040e+02 6.935999999999999943e+01
7.000000000000000000e+00 1.669999999999999929e+00 1.129999999999999893e+00 6.099999999999999867e-01 1.899999999999999911e+00 6.950000000000000000e+01 1.929999999999999938e+00 9.998999999999999488e+01 7.001999999999999602e+01
7.120000000000000107e+00 1.659999999999999920e+00 1.129999999999999893e+00 5.999999999999999778e-01 1.860000000000000098e+00 7.275000000000000000e+01 1.870000000000000107e+00 9.295999999999999375e+01 6.845999999999999375e+01
7.240000000000000213e+00 1.669999999999999929e+00 1.120000000000000107e+00 5.999999999999999778e-01 1.830000000000000071e+00 7.570999999999999375e+01 1.820000000000000062e+00 8.693999999999999773e+01 6.723999999999999488e+01
7.349999999999999645e+00 1.659999999999999920e+00 1.110000000000000098e+00 5.999999999999999778e-01 1.800000000000000044e+00 7.504999999999999716e+01 1.790000000000000036e+00 8.135999999999999943e+01 6.610999999999999943e+01
7.500000000000000000e+00 1.659999999999999920e+00 1.110000000000000098e+00 5.899999999999999689e-01 1.760000000000000009e+00 7.475000000000000000e+01 1.760000000000000009e+00 7.656999999999999318e+01 6.495999999999999375e+01
7.660000000000000142e+00 1.659999999999999920e+00 1.100000000000000089e+00 5.899999999999999689e-01 1.729999999999999982e+00 7.781000000000000227e+01 1.729999999999999982e+00 7.312000000000000455e+01 6.332000000000000028e+01
7.839999999999999858e+00 1.659999999999999920e+00 1.100000000000000089e+00 5.899999999999999689e-01 1.699999999999999956e+00 8.215000000000000568e+01 1.719999999999999973e+00 7.076000000000000512e+01 6.261999999999999744e+01
8.000000000000000000e+00 1.649999999999999911e+00 1.100000000000000089e+00 5.899999999999999689e-01 1.669999999999999929e+00 8.612999999999999545e+01 1.709999999999999964e+00 6.881000000000000227e+01 6.296999999999999886e+01
8.130000000000000782e+00 1.649999999999999911e+00 1.100000000000000089e+00 5.799999999999999600e-01 1.659999999999999920e+00 8.521999999999999886e+01 1.709999999999999964e+00 6.793000000000000682e+01 6.331000000000000227e+01
8.230000000000000426e+00 1.649999999999999911e+00 1.090000000000000080e+00 5.799999999999999600e-01 1.639999999999999902e+00 8.457999999999999829e+01 1.709999999999999964e+00 6.851999999999999602e+01 6.377000000000000313e+01
8.320000000000000284e+00 1.639999999999999902e+00 1.090000000000000080e+00 5.799999999999999600e-01 1.649999999999999911e+00 8.462000000000000455e+01 1.729999999999999982e+00 6.987000000000000455e+01 6.470000000000000284e+01
8.359999999999999432e+00 1.629999999999999893e+00 1.080000000000000071e+00 5.699999999999999512e-01 1.649999999999999911e+00 8.385999999999999943e+01 1.739999999999999991e+00 7.118000000000000682e+01 6.635999999999999943e+01
8.410000000000000142e+00 1.620000000000000107e+00 1.070000000000000062e+00 5.699999999999999512e-01 1.659999999999999920e+00 7.953000000000000114e+01 1.780000000000000027e+00 7.301999999999999602e+01 6.800000000000000000e+01
8.449999999999999289e+00 1.620000000000000107e+00 1.070000000000000062e+00 5.699999999999999512e-01 1.679999999999999938e+00 7.776000000000000512e+01 1.810000000000000053e+00 7.581000000000000227e+01 6.806000000000000227e+01
8.480000000000000426e+00 1.610000000000000098e+00 1.060000000000000053e+00 5.600000000000000533e-01 1.679999999999999938e+00 7.642000000000000171e+01 1.830000000000000071e+00 7.850000000000000000e+01 6.895999999999999375e+01
8.529999999999999361e+00 1.610000000000000098e+00 1.060000000000000053e+00 5.600000000000000533e-01 1.689999999999999947e+00 7.715999999999999659e+01 1.860000000000000098e+00 8.148999999999999488e+01 7.081000000000000227e+01
8.589999999999999858e+00 1.610000000000000098e+00 1.050000000000000044e+00 5.600000000000000533e-01 1.699999999999999956e+00 7.726999999999999602e+01 1.889999999999999902e+00 8.614000000000000057e+01 7.173000000000000398e+01
8.630000000000000782e+00 1.610000000000000098e+00 1.050000000000000044e+00 5.600000000000000533e-01 1.709999999999999964e+00 7.839000000000000057e+01 1.929999999999999938e+00 8.862000000000000455e+01 7.156000000000000227e+01
8.669999999999999929e+00 1.600000000000000089e+00 1.050000000000000044e+00 5.600000000000000533e-01 1.719999999999999973e+00 8.143999999999999773e+01 1.979999999999999982e+00 9.090000000000000568e+01 7.151999999999999602e+01
8.699999999999999289e+00 1.600000000000000089e+00 1.040000000000000036e+00 5.600000000000000533e-01 1.729999999999999982e+00 8.414000000000000057e+01 2.040000000000000036e+00 9.417000000000000171e+01 7.017000000000000171e+01
8.710000000000000853e+00 1.590000000000000080e+00 1.040000000000000036e+00 5.600000000000000533e-01 1.750000000000000000e+00 8.509000000000000341e+01 2.109999999999999876e+00 9.456000000000000227e+01 6.773999999999999488e+01
8.660000000000000142e+00 1.580000000000000071e+00 1.040000000000000036e+00 5.600000000000000533e-01 1.739999999999999991e+00 8.431999999999999318e+01 2.169999999999999929e+00 9.300000000000000000e+01 6.576000000000000512e+01
8.599999999999999645e+00 1.570000000000000062e+00 1.030000000000000027e+00 5.600000000000000533e-01 1.739999999999999991e+00 8.095999999999999375e+01 2.240000000000000213e+00 9.050000000000000000e+01 6.379999999999999716e+01
8.570000000000000284e+00 1.560000000000000053e+00 1.020000000000000018e+00 5.600000000000000533e-01 1.709999999999999964e+00 7.987999999999999545e+01 2.279999999999999805e+00 8.979999999999999716e+01 6.286999999999999744e+01
8.619999999999999218e+00 1.550000000000000044e+00 1.020000000000000018e+00 5.600000000000000533e-01 1.699999999999999956e+00 7.987999999999999545e+01 2.290000000000000036e+00 8.778000000000000114e+01 6.211999999999999744e+01
8.679999999999999716e+00 1.530000000000000027e+00 1.010000000000000009e+00 5.600000000000000533e-01 1.649999999999999911e+00 7.818999999999999773e+01 2.310000000000000053e+00 8.845000000000000284e+01 6.182000000000000028e+01
8.759999999999999787e+00 1.520000000000000018e+00 1.000000000000000000e+00 5.600000000000000533e-01 1.610000000000000098e+00 7.595999999999999375e+01 2.339999999999999858e+00 8.942000000000000171e+01 6.193999999999999773e+01
8.839999999999999858e+00 1.510000000000000009e+00 1.000000000000000000e+00 5.600000000000000533e-01 1.580000000000000071e+00 7.237000000000000455e+01 2.390000000000000124e+00 9.212999999999999545e+01 6.221999999999999886e+01
8.890000000000000568e+00 1.500000000000000000e+00 1.000000000000000000e+00 5.600000000000000533e-01 1.560000000000000053e+00 7.043000000000000682e+01 2.319999999999999840e+00 8.990000000000000568e+01 6.239999999999999858e+01
8.970000000000000639e+00 1.489999999999999991e+00 9.899999999999999911e-01 5.600000000000000533e-01 1.540000000000000036e+00 7.054999999999999716e+01 2.259999999999999787e+00 8.821999999999999886e+01 6.296999999999999886e+01
9.009999999999999787e+00 1.489999999999999991e+00 9.899999999999999911e-01 5.699999999999999512e-01 1.510000000000000009e+00 7.173000000000000398e+01 2.220000000000000195e+00 8.709000000000000341e+01 6.254999999999999716e+01
9.009999999999999787e+00 1.469999999999999973e+00 9.899999999999999911e-01 5.699999999999999512e-01 1.479999999999999982e+00 7.590999999999999659e+01 2.189999999999999947e+00 8.579999999999999716e+01 6.171000000000000085e+01
8.980000000000000426e+00 1.459999999999999964e+00 9.799999999999999822e-01 5.699999999999999512e-01 1.459999999999999964e+00 8.193000000000000682e+01 2.180000000000000160e+00 8.451999999999999602e+01 6.182999999999999829e+01
8.910000000000000142e+00 1.439999999999999947e+00 9.799999999999999822e-01 5.699999999999999512e-01 1.449999999999999956e+00 8.357999999999999829e+01 2.089999999999999858e+00 8.306000000000000227e+01 6.035999999999999943e+01
8.810000000000000497e+00 1.429999999999999938e+00 9.699999999999999734e-01 5.699999999999999512e-01 1.449999999999999956e+00 7.992000000000000171e+01 2.009999999999999787e+00 8.279000000000000625e+01 5.927000000000000313e+01
8.720000000000000639e+00 1.409999999999999920e+00 9.699999999999999734e-01 5.699999999999999512e-01 1.449999999999999956e+00 7.234000000000000341e+01 1.929999999999999938e+00 8.564000000000000057e+01 5.867000000000000171e+01
8.699999999999999289e+00 1.399999999999999911e+00 9.699999999999999734e-01 5.699999999999999512e-01 1.449999999999999956e+00 6.748999999999999488e+01 1.860000000000000098e+00 9.096999999999999886e+01 5.967999999999999972e+01
8.740000000000000213e+00 1.389999999999999902e+00 9.599999999999999645e-01 5.699999999999999512e-01 1.439999999999999947e+00 6.493000000000000682e+01 1.790000000000000036e+00 9.648999999999999488e+01 6.039000000000000057e+01
8.789999999999999147e+00 1.389999999999999902e+00 9.599999999999999645e-01 5.699999999999999512e-01 1.439999999999999947e+00 6.500000000000000000e+01 1.739999999999999991e+00 1.014599999999999937e+02 6.050999999999999801e+01
