1.000000000000000000e+01
9.700000762939453125e+00
9.400313377380371094e+00
9.104284286499023438e+00
8.818853378295898438e+00
8.553418159484863281e+00
8.322708129882812500e+00
8.147970199584960938e+00
8.035287857055664062e+00
7.976872444152832031e+00
7.968361854553222656e+00
7.988601207733154297e+00
8.018797874450683594e+00
8.033931732177734375e+00
8.017915725708007812e+00
7.979694366455078125e+00
7.931831836700439453e+00
7.886417865753173828e+00
7.857519626617431641e+00
7.851049900054931641e+00
7.861900329589843750e+00
7.885199546813964844e+00
7.908082962036132812e+00
7.916731357574462891e+00
7.897217750549316406e+00
7.852402687072753906e+00
7.797801494598388672e+00
7.747412204742431641e+00
7.711959362030029297e+00
7.702477455139160156e+00
7.714763164520263672e+00
7.741772174835205078e+00
7.776664733886718750e+00
7.807984828948974609e+00
7.827912807464599609e+00
7.834480762481689453e+00
7.822770118713378906e+00
7.797483444213867188e+00
7.764775276184082031e+00
7.732658863067626953e+00
7.705626487731933594e+00
7.686679840087890625e+00
7.671328067779541016e+00
7.654983997344970703e+00
7.634303092956542969e+00
7.607944965362548828e+00
7.585870265960693359e+00
7.572844982147216797e+00
7.568591594696044922e+00
7.577116966247558594e+00
7.592485904693603516e+00
7.607835769653320312e+00
7.615438461303710938e+00
7.614403724670410156e+00
7.609787464141845703e+00
7.608792304992675781e+00
7.612572193145751953e+00
7.618876934051513672e+00
7.632329463958740234e+00
7.651987075805664062e+00
7.673031806945800781e+00
7.696647644042968750e+00
7.718280792236328125e+00
7.729406356811523438e+00
7.720780372619628906e+00
7.701809883117675781e+00
7.678636074066162109e+00
7.652537822723388672e+00
7.631193161010742188e+00
7.615579128265380859e+00
7.614593029022216797e+00
7.622652530670166016e+00
7.630671501159667969e+00
7.635696887969970703e+00
7.637521743774414062e+00
7.628751754760742188e+00
7.619613647460937500e+00
7.605992317199707031e+00
7.589675426483154297e+00
7.574059963226318359e+00
7.562978744506835938e+00
7.551346778869628906e+00
7.541564464569091797e+00
7.532647609710693359e+00
7.516209602355957031e+00
7.496712207794189453e+00
7.493380069732666016e+00
7.509384155273437500e+00
7.544868946075439453e+00
7.591250419616699219e+00
7.636147499084472656e+00
7.669128894805908203e+00
7.683747291564941406e+00
7.676037311553955078e+00
7.656618118286132812e+00
7.625062942504882812e+00
7.594913482666015625e+00
7.582329750061035156e+00
7.590249538421630859e+00
7.613367557525634766e+00
7.642705440521240234e+00
7.670573234558105469e+00
7.689379692077636719e+00
7.687715530395507812e+00
7.680609226226806641e+00
7.664778709411621094e+00
7.640408515930175781e+00
7.616301536560058594e+00
7.601870059967041016e+00
7.603567600250244141e+00
7.615997314453125000e+00
7.626471519470214844e+00
7.635995388031005859e+00
7.630702972412109375e+00
7.615772247314453125e+00
7.601634979248046875e+00
7.598991394042968750e+00
7.608070373535156250e+00
7.624230861663818359e+00
7.644992351531982422e+00
7.656832695007324219e+00
7.655184268951416016e+00
7.629324913024902344e+00
7.603076934814453125e+00
7.593492984771728516e+00
7.606086730957031250e+00
7.635406494140625000e+00
7.655849456787109375e+00
7.657519817352294922e+00
7.649778366088867188e+00
7.639334678649902344e+00
7.635412216186523438e+00
7.639799594879150391e+00
7.640138626098632812e+00
7.635494232177734375e+00
7.616412162780761719e+00
7.588928699493408203e+00
7.567419528961181641e+00
7.554648876190185547e+00
7.554319858551025391e+00
7.571002960205078125e+00
7.591382026672363281e+00
7.610278129577636719e+00
7.617388725280761719e+00
7.615649223327636719e+00
7.603522300720214844e+00
7.588370323181152344e+00
7.586098194122314453e+00
7.600431919097900391e+00
7.624833106994628906e+00
7.650720596313476562e+00
7.667609691619873047e+00
7.670923233032226562e+00
7.656777381896972656e+00
7.627469062805175781e+00
7.597395896911621094e+00
7.564098834991455078e+00
7.547629833221435547e+00
7.536141872406005859e+00
7.529320240020751953e+00
7.522483348846435547e+00
7.519826889038085938e+00
7.512938499450683594e+00
7.520149707794189453e+00
7.528366088867187500e+00
7.550271511077880859e+00
7.583494186401367188e+00
7.626154422760009766e+00
7.656057834625244141e+00
7.664703845977783203e+00
7.652171134948730469e+00
7.628543376922607422e+00
7.602539062500000000e+00
7.579018115997314453e+00
7.564163684844970703e+00
7.550498008728027344e+00
7.544983386993408203e+00
7.542144298553466797e+00
7.537468433380126953e+00
7.534968852996826172e+00
7.525011062622070312e+00
7.500776290893554688e+00
7.465083122253417969e+00
7.432312011718750000e+00
7.426624774932861328e+00
7.441998958587646484e+00
7.480691432952880859e+00
7.521186351776123047e+00
7.558058261871337891e+00
7.585788249969482422e+00
7.616584300994873047e+00
7.630849838256835938e+00
7.629896640777587891e+00
7.616360664367675781e+00
7.584922313690185547e+00
7.541456699371337891e+00
7.504639148712158203e+00
7.498958587646484375e+00
7.515159606933593750e+00
7.534454345703125000e+00
