-1.108163528442382812e+02
-1.105163574218750000e+02
-1.102159576416015625e+02
-1.099149246215820312e+02
-1.096129837036132812e+02
-1.093098144531250000e+02
-1.090052032470703125e+02
-1.086989364624023438e+02
-1.083911819458007812e+02
-1.080826950073242188e+02
-1.077730255126953125e+02
-1.074634857177734375e+02
-1.071543197631835938e+02
-1.068473587036132812e+02
-1.065433502197265625e+02
-1.062414093017578125e+02
-1.059410171508789062e+02
-1.056416854858398438e+02
-1.053425521850585938e+02
-1.050441207885742188e+02
-1.047467803955078125e+02
-1.044508590698242188e+02
-1.041568374633789062e+02
-1.038660812377929688e+02
-1.035784301757812500e+02
-1.032944107055664062e+02
-1.030146636962890625e+02
-1.027383041381835938e+02
-1.024644165039062500e+02
-1.021901931762695312e+02
-1.019172592163085938e+02
-1.016464004516601562e+02
-1.013780136108398438e+02
-1.011143417358398438e+02
-1.008548126220703125e+02
-1.005987472534179688e+02
-1.003455734252929688e+02
-1.000976715087890625e+02
-9.985523986816406250e+01
-9.961817932128906250e+01
-9.938502502441406250e+01
-9.915554046630859375e+01
-9.893221282958984375e+01
-9.871113586425781250e+01
-9.849312591552734375e+01
-9.828067779541015625e+01
-9.807040405273437500e+01
-9.786326599121093750e+01
-9.766306304931640625e+01
-9.746620941162109375e+01
-9.727851104736328125e+01
-9.709723663330078125e+01
-9.692256927490234375e+01
-9.675067138671875000e+01
-9.658392333984375000e+01
-9.642095947265625000e+01
-9.626293945312500000e+01
-9.611003112792968750e+01
-9.595801544189453125e+01
-9.581060028076171875e+01
-9.566605377197265625e+01
-9.552745056152343750e+01
-9.538961791992187500e+01
-9.526002502441406250e+01
-9.513605499267578125e+01
-9.500986480712890625e+01
-9.488529968261718750e+01
-9.476661682128906250e+01
-9.465025329589843750e+01
-9.453763580322265625e+01
-9.442791748046875000e+01
-9.432227325439453125e+01
-9.421920776367187500e+01
-9.412464904785156250e+01
-9.403142547607421875e+01
-9.394519042968750000e+01
-9.386795043945312500e+01
-9.379447937011718750e+01
-9.372943878173828125e+01
-9.366698455810546875e+01
-9.360680389404296875e+01
-9.355148315429687500e+01
-9.350059509277343750e+01
-9.345619964599609375e+01
-9.341592407226562500e+01
-9.337560272216796875e+01
-9.333506774902343750e+01
-9.329666137695312500e+01
-9.325792694091796875e+01
-9.322130584716796875e+01
-9.319300842285156250e+01
-9.316610717773437500e+01
-9.314354705810546875e+01
-9.312135314941406250e+01
-9.310370635986328125e+01
-9.308994293212890625e+01
-9.307582855224609375e+01
-9.306101226806640625e+01
-9.304588317871093750e+01
-9.302901458740234375e+01
-9.301656341552734375e+01
-9.300682067871093750e+01
-9.299843597412109375e+01
-9.299039459228515625e+01
-9.298249053955078125e+01
-9.297331237792968750e+01
-9.296391296386718750e+01
-9.295207214355468750e+01
-9.294017791748046875e+01
-9.293122100830078125e+01
-9.292748260498046875e+01
-9.292726898193359375e+01
-9.292763519287109375e+01
-9.292649078369140625e+01
-9.292479705810546875e+01
-9.292214202880859375e+01
-9.291751098632812500e+01
-9.291691589355468750e+01
-9.292137908935546875e+01
-9.292459869384765625e+01
-9.292619323730468750e+01
-9.292632293701171875e+01
-9.292632293701171875e+01
-9.292709350585937500e+01
-9.292642974853515625e+01
-9.292469787597656250e+01
-9.292459869384765625e+01
-9.292065429687500000e+01
-9.291587829589843750e+01
-9.291475677490234375e+01
-9.291529846191406250e+01
-9.291896057128906250e+01
-9.292021179199218750e+01
-9.292089843750000000e+01
-9.292076873779296875e+01
-9.291715240478515625e+01
-9.290991210937500000e+01
-9.290418243408203125e+01
-9.290007019042968750e+01
-9.289405059814453125e+01
-9.289418792724609375e+01
-9.289403533935546875e+01
-9.289315032958984375e+01
-9.289114379882812500e+01
-9.289273834228515625e+01
-9.289710235595703125e+01
-9.290171813964843750e+01
-9.291503906250000000e+01
-9.292720031738281250e+01
-9.293769073486328125e+01
-9.294718933105468750e+01
-9.295322418212890625e+01
-9.295865631103515625e+01
-9.296418762207031250e+01
-9.297139739990234375e+01
-9.298518371582031250e+01
-9.299786376953125000e+01
-9.300991821289062500e+01
-9.302330780029296875e+01
-9.304079437255859375e+01
-9.305182647705078125e+01
-9.306209564208984375e+01
-9.307266235351562500e+01
-9.308197784423828125e+01
-9.309458923339843750e+01
-9.310419464111328125e+01
-9.311307525634765625e+01
-9.311809539794921875e+01
-9.312549591064453125e+01
-9.313078308105468750e+01
-9.313345336914062500e+01
-9.313597106933593750e+01
-9.314087677001953125e+01
-9.314683532714843750e+01
-9.315189361572265625e+01
-9.315935516357421875e+01
-9.316985321044921875e+01
-9.317591857910156250e+01
-9.317910766601562500e+01
-9.317986297607421875e+01
-9.318210601806640625e+01
-9.317758941650390625e+01
-9.317625427246093750e+01
-9.317021942138671875e+01
-9.316730499267578125e+01
-9.315969085693359375e+01
-9.315683746337890625e+01
-9.315468597412109375e+01
-9.315340423583984375e+01
-9.314646148681640625e+01
-9.313930511474609375e+01
-9.312925720214843750e+01
-9.312192535400390625e+01
-9.311225891113281250e+01
-9.309383392333984375e+01
-9.307886505126953125e+01
-9.306278991699218750e+01
-9.305118560791015625e+01
-9.303864288330078125e+01
-9.303273010253906250e+01
