3.917999999999999972e+01 2.412000000000000099e+01 2.796999999999999886e+01 2.796999999999999886e+01 2.326999999999999957e+01 5.096999999999999886e+01 2.148000000000000043e+01 3.540999999999999659e+01 5.539999999999999858e+01
2.901999999999999957e+01 1.787000000000000099e+01 2.071999999999999886e+01 2.071999999999999886e+01 1.723999999999999844e+01 3.775999999999999801e+01 1.591000000000000014e+01 2.623000000000000043e+01 4.104999999999999716e+01
2.228999999999999915e+01 1.392999999999999972e+01 1.572000000000000064e+01 1.543999999999999950e+01 1.581000000000000050e+01 2.807000000000000028e+01 1.194999999999999929e+01 2.573999999999999844e+01 3.207000000000000028e+01
1.780999999999999872e+01 1.182000000000000028e+01 1.252999999999999936e+01 1.155000000000000071e+01 1.531000000000000050e+01 2.278000000000000114e+01 9.599999999999999645e+00 2.878000000000000114e+01 2.942000000000000171e+01
1.493999999999999950e+01 1.059999999999999964e+01 1.051999999999999957e+01 8.599999999999999645e+00 1.550000000000000000e+01 2.114999999999999858e+01 9.320000000000000284e+00 3.310999999999999943e+01 3.005000000000000071e+01
1.332000000000000028e+01 1.019999999999999929e+01 9.160000000000000142e+00 7.610000000000000320e+00 1.518999999999999950e+01 2.119999999999999929e+01 9.349999999999999645e+00 4.046999999999999886e+01 3.246999999999999886e+01
1.227999999999999936e+01 1.025000000000000000e+01 8.150000000000000355e+00 6.910000000000000142e+00 1.607999999999999829e+01 2.323000000000000043e+01 1.016000000000000014e+01 5.100999999999999801e+01 3.496999999999999886e+01
1.168999999999999950e+01 1.032000000000000028e+01 7.219999999999999751e+00 6.330000000000000071e+00 1.762999999999999901e+01 2.546999999999999886e+01 1.115000000000000036e+01 6.232000000000000028e+01 3.982000000000000028e+01
1.125000000000000000e+01 1.083000000000000007e+01 6.500000000000000000e+00 5.990000000000000213e+00 1.885000000000000142e+01 2.782999999999999829e+01 1.253999999999999915e+01 7.843999999999999773e+01 4.703000000000000114e+01
1.094999999999999929e+01 1.164000000000000057e+01 5.860000000000000320e+00 5.740000000000000213e+00 2.067999999999999972e+01 3.039000000000000057e+01 1.383000000000000007e+01 9.762000000000000455e+01 5.774000000000000199e+01
1.066999999999999993e+01 1.251999999999999957e+01 5.339999999999999858e+00 5.769999999999999574e+00 2.228999999999999915e+01 3.415999999999999659e+01 1.427999999999999936e+01 9.393999999999999773e+01 6.704000000000000625e+01
1.040000000000000036e+01 1.308000000000000007e+01 4.860000000000000320e+00 5.799999999999999822e+00 2.458999999999999986e+01 3.903999999999999915e+01 1.391999999999999993e+01 8.528000000000000114e+01 7.973000000000000398e+01
1.015000000000000036e+01 1.333999999999999986e+01 4.440000000000000391e+00 5.830000000000000071e+00 2.673999999999999844e+01 4.397999999999999687e+01 1.405000000000000071e+01 7.748000000000000398e+01 9.443000000000000682e+01
9.859999999999999432e+00 1.309999999999999964e+01 4.110000000000000320e+00 5.830000000000000071e+00 2.630000000000000071e+01 5.011999999999999744e+01 1.375999999999999979e+01 7.057999999999999829e+01 9.753000000000000114e+01
9.650000000000000355e+00 1.283999999999999986e+01 3.830000000000000071e+00 5.730000000000000426e+00 2.605000000000000071e+01 5.352000000000000313e+01 1.266000000000000014e+01 6.214000000000000057e+01 9.326000000000000512e+01
9.509999999999999787e+00 1.227999999999999936e+01 3.600000000000000089e+00 5.389999999999999680e+00 2.469999999999999929e+01 5.381000000000000227e+01 1.174000000000000021e+01 5.392000000000000171e+01 9.434000000000000341e+01
9.339999999999999858e+00 1.155000000000000071e+01 3.379999999999999893e+00 5.040000000000000036e+00 2.342000000000000171e+01 5.128000000000000114e+01 1.125999999999999979e+01 4.747999999999999687e+01 9.634000000000000341e+01
9.220000000000000639e+00 1.127999999999999936e+01 3.200000000000000178e+00 4.820000000000000284e+00 2.116000000000000014e+01 4.865999999999999659e+01 1.069999999999999929e+01 4.257999999999999829e+01 1.000100000000000051e+02
9.160000000000000142e+00 1.123000000000000043e+01 3.029999999999999805e+00 4.730000000000000426e+00 2.060999999999999943e+01 4.763000000000000256e+01 1.016000000000000014e+01 3.924000000000000199e+01 1.042800000000000011e+02
9.119999999999999218e+00 1.149000000000000021e+01 2.890000000000000124e+00 4.559999999999999609e+00 2.050000000000000000e+01 4.743999999999999773e+01 9.289999999999999147e+00 3.689000000000000057e+01 1.119899999999999949e+02
9.119999999999999218e+00 1.201999999999999957e+01 2.779999999999999805e+00 4.490000000000000213e+00 2.019000000000000128e+01 4.882999999999999829e+01 8.740000000000000213e+00 3.471999999999999886e+01 1.283600000000000136e+02
9.179999999999999716e+00 1.239000000000000057e+01 2.669999999999999929e+00 4.290000000000000036e+00 2.010000000000000142e+01 4.803999999999999915e+01 8.519999999999999574e+00 3.265999999999999659e+01 1.436699999999999875e+02
9.269999999999999574e+00 1.314000000000000057e+01 2.569999999999999840e+00 4.099999999999999645e+00 2.010999999999999943e+01 4.671999999999999886e+01 8.439999999999999503e+00 3.094000000000000128e+01 1.534600000000000080e+02
9.410000000000000142e+00 1.402999999999999936e+01 2.490000000000000213e+00 3.939999999999999947e+00 1.930000000000000071e+01 4.590999999999999659e+01 8.560000000000000497e+00 2.908999999999999986e+01 1.398000000000000114e+02
9.580000000000000071e+00 1.494999999999999929e+01 2.399999999999999911e+00 3.890000000000000124e+00 1.844000000000000128e+01 4.497999999999999687e+01 8.699999999999999289e+00 2.723999999999999844e+01 1.334000000000000057e+02
9.789999999999999147e+00 1.528999999999999915e+01 2.319999999999999840e+00 3.810000000000000053e+00 1.848000000000000043e+01 4.595000000000000284e+01 8.839999999999999858e+00 2.587999999999999901e+01 1.302800000000000011e+02
1.003999999999999915e+01 1.612000000000000099e+01 2.240000000000000213e+00 3.819999999999999840e+00 1.882999999999999829e+01 4.728000000000000114e+01 8.689999999999999503e+00 2.487000000000000099e+01 1.333799999999999955e+02
1.031000000000000050e+01 1.705999999999999872e+01 2.169999999999999929e+00 3.879999999999999893e+00 1.989999999999999858e+01 4.893999999999999773e+01 8.769999999999999574e+00 2.401999999999999957e+01 1.360999999999999943e+02
1.052999999999999936e+01 1.776000000000000156e+01 2.109999999999999876e+00 3.959999999999999964e+00 2.112999999999999901e+01 4.785999999999999943e+01 8.990000000000000213e+00 2.326999999999999957e+01 1.319399999999999977e+02
1.074000000000000021e+01 1.832999999999999829e+01 2.049999999999999822e+00 4.009999999999999787e+00 2.264999999999999858e+01 4.750000000000000000e+01 9.169999999999999929e+00 2.242000000000000171e+01 1.274599999999999937e+02
1.100000000000000000e+01 1.883999999999999986e+01 2.000000000000000000e+00 4.099999999999999645e+00 2.553000000000000114e+01 4.746000000000000085e+01 9.300000000000000711e+00 2.142000000000000171e+01 1.186200000000000045e+02
1.127999999999999936e+01 1.901000000000000156e+01 1.939999999999999947e+00 4.269999999999999574e+00 2.912000000000000099e+01 4.643999999999999773e+01 9.480000000000000426e+00 2.057999999999999829e+01 1.109200000000000017e+02
1.158999999999999986e+01 1.978000000000000114e+01 1.889999999999999902e+00 4.480000000000000426e+00 3.107999999999999829e+01 4.547999999999999687e+01 9.490000000000000213e+00 1.969000000000000128e+01 1.039399999999999977e+02
1.185999999999999943e+01 2.046999999999999886e+01 1.850000000000000089e+00 4.610000000000000320e+00 3.272999999999999687e+01 4.353999999999999915e+01 9.619999999999999218e+00 1.896999999999999886e+01 1.022300000000000040e+02
1.208000000000000007e+01 2.135999999999999943e+01 1.810000000000000053e+00 4.740000000000000213e+00 3.445000000000000284e+01 4.085999999999999943e+01 9.830000000000000071e+00 1.833999999999999986e+01 1.043499999999999943e+02
1.226999999999999957e+01 2.189000000000000057e+01 1.780000000000000027e+00 4.900000000000000355e+00 3.667999999999999972e+01 3.835999999999999943e+01 1.007000000000000028e+01 1.769000000000000128e+01 1.076800000000000068e+02
1.248000000000000043e+01 2.119000000000000128e+01 1.750000000000000000e+00 5.080000000000000071e+00 3.874000000000000199e+01 3.677000000000000313e+01 1.041000000000000014e+01 1.719000000000000128e+01 1.132000000000000028e+02
1.267999999999999972e+01 2.032999999999999829e+01 1.719999999999999973e+00 5.080000000000000071e+00 3.810999999999999943e+01 3.547999999999999687e+01 1.092999999999999972e+01 1.689999999999999858e+01 1.174699999999999989e+02
1.290000000000000036e+01 1.950000000000000000e+01 1.689999999999999947e+00 5.009999999999999787e+00 3.675999999999999801e+01 3.493999999999999773e+01 1.158999999999999986e+01 1.662000000000000099e+01 1.171200000000000045e+02
1.313000000000000078e+01 1.837000000000000099e+01 1.669999999999999929e+00 4.889999999999999680e+00 3.388000000000000256e+01 3.452000000000000313e+01 1.166999999999999993e+01 1.639999999999999858e+01 1.184300000000000068e+02
1.340000000000000036e+01 1.725000000000000000e+01 1.639999999999999902e+00 4.889999999999999680e+00 3.148000000000000043e+01 3.361999999999999744e+01 1.177999999999999936e+01 1.623000000000000043e+01 1.216299999999999955e+02
1.369999999999999929e+01 1.573000000000000043e+01 1.620000000000000107e+00 4.889999999999999680e+00 3.064999999999999858e+01 3.292999999999999972e+01 1.144999999999999929e+01 1.612000000000000099e+01 1.273400000000000034e+02
1.414000000000000057e+01 1.466999999999999993e+01 1.600000000000000089e+00 4.919999999999999929e+00 3.035000000000000142e+01 3.198000000000000043e+01 1.099000000000000021e+01 1.607000000000000028e+01 1.269800000000000040e+02
1.458000000000000007e+01 1.399000000000000021e+01 1.580000000000000071e+00 4.919999999999999929e+00 2.928000000000000114e+01 3.192999999999999972e+01 1.038000000000000078e+01 1.599000000000000021e+01 1.313100000000000023e+02
1.508000000000000007e+01 1.343999999999999950e+01 1.570000000000000062e+00 5.019999999999999574e+00 2.857000000000000028e+01 3.164999999999999858e+01 9.679999999999999716e+00 1.581000000000000050e+01 1.306100000000000136e+02
1.560999999999999943e+01 1.307000000000000028e+01 1.560000000000000053e+00 5.070000000000000284e+00 2.776000000000000156e+01 3.191000000000000014e+01 9.339999999999999858e+00 1.565000000000000036e+01 1.318000000000000114e+02
1.614999999999999858e+01 1.283999999999999986e+01 1.550000000000000044e+00 5.070000000000000284e+00 2.510999999999999943e+01 3.259000000000000341e+01 9.189999999999999503e+00 1.547000000000000064e+01 1.273400000000000034e+02
1.667000000000000171e+01 1.258999999999999986e+01 1.530000000000000027e+00 4.919999999999999929e+00 2.278000000000000114e+01 3.315999999999999659e+01 9.119999999999999218e+00 1.528999999999999915e+01 1.305699999999999932e+02
1.730000000000000071e+01 1.250000000000000000e+01 1.520000000000000018e+00 4.809999999999999609e+00 2.114000000000000057e+01 3.418999999999999773e+01 9.060000000000000497e+00 1.509999999999999964e+01 1.308199999999999932e+02
1.792999999999999972e+01 1.238000000000000078e+01 1.500000000000000000e+00 4.709999999999999964e+00 1.955999999999999872e+01 3.497999999999999687e+01 9.150000000000000355e+00 1.500999999999999979e+01 1.300399999999999920e+02
1.842000000000000171e+01 1.239000000000000057e+01 1.489999999999999991e+00 4.570000000000000284e+00 1.794000000000000128e+01 3.484000000000000341e+01 9.339999999999999858e+00 1.483000000000000007e+01 1.292400000000000091e+02
1.894000000000000128e+01 1.222000000000000064e+01 1.469999999999999973e+00 4.400000000000000355e+00 1.669000000000000128e+01 3.429999999999999716e+01 9.519999999999999574e+00 1.468999999999999950e+01 1.263900000000000006e+02
1.948999999999999844e+01 1.186999999999999922e+01 1.459999999999999964e+00 4.320000000000000284e+00 1.555000000000000071e+01 3.459000000000000341e+01 9.710000000000000853e+00 1.458000000000000007e+01 1.236800000000000068e+02
1.985000000000000142e+01 1.165000000000000036e+01 1.449999999999999956e+00 4.200000000000000178e+00 1.425999999999999979e+01 3.450000000000000000e+01 9.890000000000000568e+00 1.434999999999999964e+01 1.194599999999999937e+02
2.012000000000000099e+01 1.155000000000000071e+01 1.429999999999999938e+00 4.009999999999999787e+00 1.330000000000000071e+01 3.460999999999999943e+01 9.820000000000000284e+00 1.419999999999999929e+01 1.166400000000000006e+02
2.044000000000000128e+01 1.141000000000000014e+01 1.419999999999999929e+00 3.850000000000000089e+00 1.233000000000000007e+01 3.489000000000000057e+01 9.529999999999999361e+00 1.407000000000000028e+01 1.144200000000000017e+02
2.085999999999999943e+01 1.118999999999999950e+01 1.409999999999999920e+00 3.649999999999999911e+00 1.160999999999999943e+01 3.553000000000000114e+01 9.199999999999999289e+00 1.400000000000000000e+01 1.173900000000000006e+02
2.119999999999999929e+01 1.093999999999999950e+01 1.399999999999999911e+00 3.520000000000000018e+00 1.099000000000000021e+01 3.657999999999999829e+01 8.779999999999999361e+00 1.408000000000000007e+01 1.204699999999999989e+02
2.146999999999999886e+01 1.063000000000000078e+01 1.389999999999999902e+00 3.419999999999999929e+00 1.052999999999999936e+01 3.829999999999999716e+01 8.289999999999999147e+00 1.411999999999999922e+01 1.257099999999999937e+02
2.155000000000000071e+01 1.031000000000000050e+01 1.379999999999999893e+00 3.339999999999999858e+00 1.008999999999999986e+01 3.921999999999999886e+01 7.980000000000000426e+00 1.417999999999999972e+01 1.306999999999999886e+02
2.158999999999999986e+01 1.006000000000000050e+01 1.370000000000000107e+00 3.290000000000000036e+00 9.640000000000000568e+00 4.028000000000000114e+01 7.620000000000000107e+00 1.421000000000000085e+01 1.319799999999999898e+02
2.157999999999999829e+01 9.789999999999999147e+00 1.360000000000000098e+00 3.209999999999999964e+00 9.199999999999999289e+00 4.195000000000000284e+01 7.269999999999999574e+00 1.433000000000000007e+01 1.304900000000000091e+02
2.139999999999999858e+01 9.580000000000000071e+00 1.360000000000000098e+00 3.160000000000000142e+00 8.699999999999999289e+00 4.400999999999999801e+01 6.830000000000000071e+00 1.444999999999999929e+01 1.239699999999999989e+02
2.114000000000000057e+01 9.439999999999999503e+00 1.350000000000000089e+00 3.109999999999999876e+00 8.269999999999999574e+00 4.332000000000000028e+01 6.400000000000000355e+00 1.447000000000000064e+01 1.203900000000000006e+02
2.114999999999999858e+01 9.289999999999999147e+00 1.340000000000000080e+00 3.040000000000000036e+00 7.860000000000000320e+00 4.379999999999999716e+01 6.120000000000000107e+00 1.441999999999999993e+01 1.230999999999999943e+02
2.133999999999999986e+01 9.199999999999999289e+00 1.330000000000000071e+00 2.970000000000000195e+00 7.429999999999999716e+00 4.489999999999999858e+01 5.780000000000000249e+00 1.432000000000000028e+01 1.277000000000000028e+02
2.153999999999999915e+01 9.080000000000000071e+00 1.320000000000000062e+00 2.879999999999999893e+00 7.049999999999999822e+00 4.717000000000000171e+01 5.500000000000000000e+00 1.416999999999999993e+01 1.327899999999999920e+02
2.153999999999999915e+01 8.900000000000000355e+00 1.310000000000000053e+00 2.830000000000000071e+00 6.759999999999999787e+00 4.707000000000000028e+01 5.219999999999999751e+00 1.401999999999999957e+01 1.288199999999999932e+02
2.164999999999999858e+01 8.759999999999999787e+00 1.310000000000000053e+00 2.779999999999999805e+00 6.490000000000000213e+00 4.828000000000000114e+01 4.969999999999999751e+00 1.391000000000000014e+01 1.223799999999999955e+02
2.194000000000000128e+01 8.679999999999999716e+00 1.300000000000000044e+00 2.729999999999999982e+00 6.269999999999999574e+00 4.910999999999999943e+01 4.820000000000000284e+00 1.376999999999999957e+01 1.175600000000000023e+02
2.239999999999999858e+01 8.630000000000000782e+00 1.290000000000000036e+00 2.649999999999999911e+00 6.049999999999999822e+00 4.931000000000000227e+01 4.750000000000000000e+00 1.367999999999999972e+01 1.163499999999999943e+02
2.287999999999999901e+01 8.570000000000000284e+00 1.290000000000000036e+00 2.589999999999999858e+00 5.879999999999999893e+00 5.018999999999999773e+01 4.629999999999999893e+00 1.364000000000000057e+01 1.161700000000000017e+02
2.310000000000000142e+01 8.550000000000000711e+00 1.280000000000000027e+00 2.529999999999999805e+00 5.750000000000000000e+00 5.218999999999999773e+01 4.519999999999999574e+00 1.361999999999999922e+01 1.164899999999999949e+02
2.314000000000000057e+01 8.529999999999999361e+00 1.280000000000000027e+00 2.509999999999999787e+00 5.639999999999999680e+00 5.250000000000000000e+01 4.400000000000000355e+00 1.364000000000000057e+01 1.185900000000000034e+02
2.276000000000000156e+01 8.439999999999999503e+00 1.270000000000000018e+00 2.479999999999999982e+00 5.580000000000000071e+00 5.239999999999999858e+01 4.269999999999999574e+00 1.369999999999999929e+01 1.187500000000000000e+02
2.210000000000000142e+01 8.320000000000000284e+00 1.270000000000000018e+00 2.479999999999999982e+00 5.480000000000000426e+00 5.254999999999999716e+01 4.139999999999999680e+00 1.375000000000000000e+01 1.181599999999999966e+02
2.160000000000000142e+01 8.199999999999999289e+00 1.260000000000000009e+00 2.479999999999999982e+00 5.450000000000000178e+00 5.250999999999999801e+01 4.019999999999999574e+00 1.375000000000000000e+01 1.156700000000000017e+02
2.119999999999999929e+01 8.169999999999999929e+00 1.260000000000000009e+00 2.459999999999999964e+00 5.419999999999999929e+00 5.328999999999999915e+01 3.970000000000000195e+00 1.382000000000000028e+01 1.151099999999999994e+02
2.108999999999999986e+01 8.140000000000000568e+00 1.250000000000000000e+00 2.430000000000000160e+00 5.389999999999999680e+00 5.360999999999999943e+01 3.910000000000000142e+00 1.375999999999999979e+01 1.182600000000000051e+02
2.112999999999999901e+01 8.140000000000000568e+00 1.250000000000000000e+00 2.430000000000000160e+00 5.360000000000000320e+00 5.431000000000000227e+01 3.870000000000000107e+00 1.374000000000000021e+01 1.213299999999999983e+02
2.101000000000000156e+01 8.130000000000000782e+00 1.239999999999999991e+00 2.390000000000000124e+00 5.370000000000000107e+00 5.565999999999999659e+01 3.830000000000000071e+00 1.373000000000000043e+01 1.202600000000000051e+02
2.096999999999999886e+01 8.109999999999999432e+00 1.239999999999999991e+00 2.370000000000000107e+00 5.389999999999999680e+00 5.842000000000000171e+01 3.790000000000000036e+00 1.375999999999999979e+01 1.160699999999999932e+02
2.108999999999999986e+01 8.119999999999999218e+00 1.229999999999999982e+00 2.350000000000000089e+00 5.389999999999999680e+00 6.185000000000000142e+01 3.759999999999999787e+00 1.378999999999999915e+01 1.113499999999999943e+02
2.123000000000000043e+01 8.130000000000000782e+00 1.229999999999999982e+00 2.310000000000000053e+00 5.389999999999999680e+00 6.893999999999999773e+01 3.720000000000000195e+00 1.386999999999999922e+01 1.102500000000000000e+02
2.135999999999999943e+01 8.109999999999999432e+00 1.229999999999999982e+00 2.270000000000000018e+00 5.360000000000000320e+00 7.576000000000000512e+01 3.660000000000000142e+00 1.393999999999999950e+01 1.118199999999999932e+02
2.114999999999999858e+01 8.050000000000000711e+00 1.219999999999999973e+00 2.240000000000000213e+00 5.330000000000000071e+00 8.164000000000000057e+01 3.669999999999999929e+00 1.400999999999999979e+01 1.118299999999999983e+02
2.080000000000000071e+01 7.929999999999999716e+00 1.219999999999999973e+00 2.209999999999999964e+00 5.269999999999999574e+00 8.284999999999999432e+01 3.680000000000000160e+00 1.384999999999999964e+01 1.091200000000000045e+02
2.046999999999999886e+01 7.799999999999999822e+00 1.219999999999999973e+00 2.189999999999999947e+00 5.219999999999999751e+00 7.820999999999999375e+01 3.689999999999999947e+00 1.358999999999999986e+01 1.019300000000000068e+02
2.030999999999999872e+01 7.679999999999999716e+00 1.209999999999999964e+00 2.160000000000000142e+00 5.200000000000000178e+00 7.670000000000000284e+01 3.720000000000000195e+00 1.335999999999999943e+01 9.426999999999999602e+01
2.048000000000000043e+01 7.629999999999999893e+00 1.209999999999999964e+00 2.100000000000000089e+00 5.190000000000000391e+00 7.848000000000000398e+01 3.740000000000000213e+00 1.306000000000000050e+01 8.973999999999999488e+01
2.094999999999999929e+01 7.629999999999999893e+00 1.209999999999999964e+00 2.069999999999999840e+00 5.209999999999999964e+00 8.393999999999999773e+01 3.750000000000000000e+00 1.275999999999999979e+01 8.596999999999999886e+01
2.153999999999999915e+01 7.669999999999999929e+00 1.209999999999999964e+00 2.040000000000000036e+00 5.200000000000000178e+00 1.010600000000000023e+02 3.740000000000000213e+00 1.243999999999999950e+01 8.056000000000000227e+01
2.182999999999999829e+01 7.669999999999999929e+00 1.199999999999999956e+00 2.009999999999999787e+00 5.200000000000000178e+00 1.064000000000000057e+02 3.709999999999999964e+00 1.214000000000000057e+01 7.543000000000000682e+01
2.194999999999999929e+01 7.650000000000000355e+00 1.199999999999999956e+00 2.000000000000000000e+00 5.230000000000000426e+00 9.901999999999999602e+01 3.709999999999999964e+00 1.189000000000000057e+01 6.985999999999999943e+01
2.176000000000000156e+01 7.610000000000000320e+00 1.199999999999999956e+00 1.969999999999999973e+00 5.250000000000000000e+00 9.251999999999999602e+01 3.759999999999999787e+00 1.155000000000000071e+01 6.557999999999999829e+01
2.171999999999999886e+01 7.580000000000000071e+00 1.199999999999999956e+00 1.949999999999999956e+00 5.269999999999999574e+00 9.290999999999999659e+01 3.790000000000000036e+00 1.130000000000000071e+01 6.317000000000000171e+01
2.176999999999999957e+01 7.549999999999999822e+00 1.199999999999999956e+00 1.939999999999999947e+00 5.320000000000000284e+00 9.706999999999999318e+01 3.759999999999999787e+00 1.107000000000000028e+01 6.174000000000000199e+01
2.178999999999999915e+01 7.540000000000000036e+00 1.189999999999999947e+00 1.929999999999999938e+00 5.360000000000000320e+00 1.033299999999999983e+02 3.700000000000000178e+00 1.088000000000000078e+01 6.095000000000000284e+01
2.169000000000000128e+01 7.530000000000000249e+00 1.189999999999999947e+00 1.919999999999999929e+00 5.370000000000000107e+00 1.012800000000000011e+02 3.689999999999999947e+00 1.075000000000000000e+01 5.985999999999999943e+01
2.148999999999999844e+01 7.490000000000000213e+00 1.189999999999999947e+00 1.939999999999999947e+00 5.339999999999999858e+00 9.442000000000000171e+01 3.680000000000000160e+00 1.065000000000000036e+01 5.827000000000000313e+01
2.144999999999999929e+01 7.459999999999999964e+00 1.189999999999999947e+00 1.939999999999999947e+00 5.349999999999999645e+00 9.345999999999999375e+01 3.640000000000000124e+00 1.061999999999999922e+01 5.722999999999999687e+01
2.164000000000000057e+01 7.490000000000000213e+00 1.189999999999999947e+00 1.949999999999999956e+00 5.330000000000000071e+00 9.645000000000000284e+01 3.680000000000000160e+00 1.050000000000000000e+01 5.703999999999999915e+01
2.189999999999999858e+01 7.500000000000000000e+00 1.189999999999999947e+00 1.949999999999999956e+00 5.360000000000000320e+00 1.009099999999999966e+02 3.709999999999999964e+00 1.033999999999999986e+01 5.750999999999999801e+01
2.196999999999999886e+01 7.509999999999999787e+00 1.189999999999999947e+00 1.939999999999999947e+00 5.429999999999999716e+00 1.046800000000000068e+02 3.759999999999999787e+00 1.023000000000000043e+01 5.746999999999999886e+01
2.214000000000000057e+01 7.530000000000000249e+00 1.179999999999999938e+00 1.919999999999999929e+00 5.519999999999999574e+00 1.119300000000000068e+02 3.790000000000000036e+00 1.018999999999999950e+01 5.829999999999999716e+01
2.216000000000000014e+01 7.570000000000000284e+00 1.179999999999999938e+00 1.919999999999999929e+00 5.599999999999999645e+00 1.064099999999999966e+02 3.850000000000000089e+00 1.016000000000000014e+01 5.878999999999999915e+01
2.208999999999999986e+01 7.559999999999999609e+00 1.179999999999999938e+00 1.919999999999999929e+00 5.650000000000000355e+00 9.915000000000000568e+01 3.939999999999999947e+00 1.013000000000000078e+01 5.910999999999999943e+01
2.189000000000000057e+01 7.530000000000000249e+00 1.169999999999999929e+00 1.909999999999999920e+00 5.730000000000000426e+00 9.668999999999999773e+01 4.049999999999999822e+00 1.010999999999999943e+01 6.029999999999999716e+01
2.180000000000000071e+01 7.490000000000000213e+00 1.169999999999999929e+00 1.909999999999999920e+00 5.820000000000000284e+00 9.618000000000000682e+01 4.150000000000000355e+00 1.003999999999999915e+01 6.078000000000000114e+01
2.180000000000000071e+01 7.469999999999999751e+00 1.159999999999999920e+00 1.879999999999999893e+00 5.900000000000000355e+00 9.579000000000000625e+01 4.290000000000000036e+00 1.003999999999999915e+01 6.160000000000000142e+01
2.192000000000000171e+01 7.480000000000000426e+00 1.159999999999999920e+00 1.870000000000000107e+00 5.910000000000000142e+00 9.417000000000000171e+01 4.469999999999999751e+00 1.008000000000000007e+01 6.325999999999999801e+01
2.208999999999999986e+01 7.519999999999999574e+00 1.159999999999999920e+00 1.840000000000000080e+00 5.889999999999999680e+00 1.002199999999999989e+02 4.620000000000000107e+00 1.011999999999999922e+01 6.417000000000000171e+01
2.207000000000000028e+01 7.519999999999999574e+00 1.149999999999999911e+00 1.800000000000000044e+00 5.889999999999999680e+00 1.004000000000000057e+02 4.860000000000000320e+00 1.013000000000000078e+01 6.504999999999999716e+01
2.194000000000000128e+01 7.530000000000000249e+00 1.149999999999999911e+00 1.780000000000000027e+00 5.959999999999999964e+00 1.000600000000000023e+02 5.120000000000000107e+00 1.014000000000000057e+01 6.562999999999999545e+01
2.173000000000000043e+01 7.530000000000000249e+00 1.149999999999999911e+00 1.739999999999999991e+00 6.070000000000000284e+00 1.041800000000000068e+02 5.370000000000000107e+00 1.022000000000000064e+01 6.562999999999999545e+01
2.150000000000000000e+01 7.519999999999999574e+00 1.149999999999999911e+00 1.689999999999999947e+00 6.099999999999999645e+00 1.052000000000000028e+02 5.620000000000000107e+00 1.028999999999999915e+01 6.551999999999999602e+01
2.155000000000000071e+01 7.509999999999999787e+00 1.139999999999999902e+00 1.659999999999999920e+00 6.139999999999999680e+00 1.009000000000000057e+02 5.860000000000000320e+00 1.041000000000000014e+01 6.623999999999999488e+01
2.162999999999999901e+01 7.490000000000000213e+00 1.139999999999999902e+00 1.610000000000000098e+00 6.160000000000000142e+00 9.896999999999999886e+01 5.959999999999999964e+00 1.052999999999999936e+01 6.582999999999999829e+01
2.176000000000000156e+01 7.450000000000000178e+00 1.139999999999999902e+00 1.580000000000000071e+00 6.190000000000000391e+00 9.879999999999999716e+01 5.990000000000000213e+00 1.067999999999999972e+01 6.551999999999999602e+01
2.196999999999999886e+01 7.410000000000000142e+00 1.139999999999999902e+00 1.530000000000000027e+00 6.209999999999999964e+00 1.006200000000000045e+02 6.059999999999999609e+00 1.080000000000000071e+01 6.562999999999999545e+01
2.232000000000000028e+01 7.339999999999999858e+00 1.139999999999999902e+00 1.469999999999999973e+00 6.219999999999999751e+00 9.846999999999999886e+01 6.070000000000000284e+00 1.096000000000000085e+01 6.493999999999999773e+01
2.282000000000000028e+01 7.309999999999999609e+00 1.139999999999999902e+00 1.419999999999999929e+00 6.269999999999999574e+00 9.734999999999999432e+01 5.809999999999999609e+00 1.108000000000000007e+01 6.375000000000000000e+01
2.307999999999999829e+01 7.209999999999999964e+00 1.139999999999999902e+00 1.360000000000000098e+00 6.429999999999999716e+00 8.996999999999999886e+01 5.690000000000000391e+00 1.125000000000000000e+01 6.335999999999999943e+01
2.321999999999999886e+01 7.089999999999999858e+00 1.129999999999999893e+00 1.300000000000000044e+00 6.570000000000000284e+00 8.782999999999999829e+01 5.540000000000000036e+00 1.146000000000000085e+01 6.386999999999999744e+01
2.323999999999999844e+01 6.990000000000000213e+00 1.129999999999999893e+00 1.260000000000000009e+00 6.639999999999999680e+00 8.743000000000000682e+01 5.389999999999999680e+00 1.164000000000000057e+01 6.493999999999999773e+01
2.275000000000000000e+01 6.889999999999999680e+00 1.129999999999999893e+00 1.219999999999999973e+00 6.759999999999999787e+00 8.456999999999999318e+01 5.299999999999999822e+00 1.174000000000000021e+01 6.446999999999999886e+01
2.242999999999999972e+01 6.799999999999999822e+00 1.129999999999999893e+00 1.189999999999999947e+00 6.830000000000000071e+00 8.434000000000000341e+01 5.200000000000000178e+00 1.191999999999999993e+01 6.500000000000000000e+01
2.235999999999999943e+01 6.730000000000000426e+00 1.129999999999999893e+00 1.149999999999999911e+00 6.919999999999999929e+00 9.037000000000000455e+01 5.070000000000000284e+00 1.208999999999999986e+01 6.654000000000000625e+01
2.221999999999999886e+01 6.669999999999999929e+00 1.129999999999999893e+00 1.120000000000000107e+00 7.080000000000000071e+00 9.989000000000000057e+01 4.910000000000000142e+00 1.227999999999999936e+01 6.857999999999999829e+01
2.185000000000000142e+01 6.589999999999999858e+00 1.129999999999999893e+00 1.100000000000000089e+00 7.219999999999999751e+00 1.079099999999999966e+02 4.780000000000000249e+00 1.249000000000000021e+01 7.054000000000000625e+01
2.151999999999999957e+01 6.509999999999999787e+00 1.129999999999999893e+00 1.070000000000000062e+00 7.349999999999999645e+00 1.075400000000000063e+02 4.820000000000000284e+00 1.256000000000000050e+01 7.253000000000000114e+01
2.119000000000000128e+01 6.429999999999999716e+00 1.129999999999999893e+00 1.050000000000000044e+00 7.480000000000000426e+00 1.017199999999999989e+02 4.809999999999999609e+00 1.256000000000000050e+01 7.367000000000000171e+01
2.103000000000000114e+01 6.339999999999999858e+00 1.129999999999999893e+00 1.040000000000000036e+00 7.629999999999999893e+00 8.984999999999999432e+01 4.900000000000000355e+00 1.247000000000000064e+01 7.484000000000000341e+01
2.101000000000000156e+01 6.259999999999999787e+00 1.139999999999999902e+00 1.020000000000000018e+00 7.790000000000000036e+00 7.873000000000000398e+01 4.950000000000000178e+00 1.231000000000000050e+01 7.709999999999999432e+01
2.137000000000000099e+01 6.219999999999999751e+00 1.139999999999999902e+00 1.010000000000000009e+00 7.959999999999999964e+00 7.534000000000000341e+01 4.959999999999999964e+00 1.210999999999999943e+01 8.265999999999999659e+01
2.216000000000000014e+01 6.209999999999999964e+00 1.139999999999999902e+00 9.899999999999999911e-01 8.150000000000000355e+00 7.568000000000000682e+01 5.019999999999999574e+00 1.189000000000000057e+01 8.939000000000000057e+01
2.278999999999999915e+01 6.200000000000000178e+00 1.139999999999999902e+00 9.699999999999999734e-01 8.199999999999999289e+00 7.634999999999999432e+01 5.019999999999999574e+00 1.166999999999999993e+01 9.548000000000000398e+01
2.310999999999999943e+01 6.179999999999999716e+00 1.149999999999999911e+00 9.399999999999999467e-01 8.289999999999999147e+00 7.818000000000000682e+01 5.089999999999999858e+00 1.150000000000000000e+01 1.009599999999999937e+02
2.300000000000000000e+01 6.120000000000000107e+00 1.149999999999999911e+00 9.200000000000000400e-01 8.509999999999999787e+00 7.854999999999999716e+01 5.120000000000000107e+00 1.131000000000000050e+01 1.044899999999999949e+02
2.242999999999999972e+01 6.059999999999999609e+00 1.149999999999999911e+00 9.000000000000000222e-01 8.619999999999999218e+00 7.512000000000000455e+01 5.139999999999999680e+00 1.110999999999999943e+01 1.071400000000000006e+02
2.142999999999999972e+01 5.969999999999999751e+00 1.149999999999999911e+00 8.900000000000000133e-01 8.890000000000000568e+00 7.035999999999999943e+01 5.240000000000000213e+00 1.096000000000000085e+01 1.064599999999999937e+02
2.042999999999999972e+01 5.849999999999999645e+00 1.149999999999999911e+00 8.699999999999999956e-01 9.009999999999999787e+00 6.557999999999999829e+01 5.339999999999999858e+00 1.076999999999999957e+01 1.028299999999999983e+02
1.994000000000000128e+01 5.780000000000000249e+00 1.159999999999999920e+00 8.599999999999999867e-01 9.279999999999999361e+00 6.179999999999999716e+01 5.339999999999999858e+00 1.058999999999999986e+01 1.035499999999999972e+02
2.017000000000000171e+01 5.740000000000000213e+00 1.159999999999999920e+00 8.399999999999999689e-01 9.580000000000000071e+00 6.013000000000000256e+01 5.370000000000000107e+00 1.041999999999999993e+01 1.116700000000000017e+02
2.082999999999999829e+01 5.719999999999999751e+00 1.159999999999999920e+00 8.399999999999999689e-01 9.919999999999999929e+00 5.817999999999999972e+01 5.379999999999999893e+00 1.031000000000000050e+01 1.191899999999999977e+02
2.162999999999999901e+01 5.719999999999999751e+00 1.159999999999999920e+00 8.299999999999999600e-01 1.040000000000000036e+01 5.700000000000000000e+01 5.419999999999999929e+00 1.025000000000000000e+01 1.260499999999999972e+02
2.264999999999999858e+01 5.730000000000000426e+00 1.159999999999999920e+00 8.299999999999999600e-01 1.088000000000000078e+01 5.653000000000000114e+01 5.419999999999999929e+00 1.026999999999999957e+01 1.283600000000000136e+02
2.316000000000000014e+01 5.700000000000000178e+00 1.159999999999999920e+00 8.199999999999999512e-01 1.125000000000000000e+01 5.475999999999999801e+01 5.459999999999999964e+00 1.023000000000000043e+01 1.258100000000000023e+02
2.296000000000000085e+01 5.639999999999999680e+00 1.159999999999999920e+00 8.199999999999999512e-01 1.150000000000000000e+01 5.253000000000000114e+01 5.580000000000000071e+00 1.017999999999999972e+01 1.188100000000000023e+02
2.269999999999999929e+01 5.580000000000000071e+00 1.159999999999999920e+00 8.299999999999999600e-01 1.173000000000000043e+01 5.057999999999999829e+01 5.730000000000000426e+00 1.011999999999999922e+01 1.167399999999999949e+02
2.217999999999999972e+01 5.500000000000000000e+00 1.159999999999999920e+00 8.299999999999999600e-01 1.214000000000000057e+01 4.879999999999999716e+01 5.849999999999999645e+00 1.009999999999999964e+01 1.112500000000000000e+02
2.176000000000000156e+01 5.429999999999999716e+00 1.159999999999999920e+00 8.299999999999999600e-01 1.286999999999999922e+01 4.810000000000000142e+01 5.980000000000000426e+00 1.002999999999999936e+01 1.069599999999999937e+02
2.187000000000000099e+01 5.379999999999999893e+00 1.159999999999999920e+00 8.399999999999999689e-01 1.375999999999999979e+01 4.732000000000000028e+01 6.129999999999999893e+00 9.980000000000000426e+00 1.085900000000000034e+02
2.230999999999999872e+01 5.339999999999999858e+00 1.159999999999999920e+00 8.399999999999999689e-01 1.460999999999999943e+01 4.732999999999999829e+01 6.200000000000000178e+00 9.949999999999999289e+00 1.137000000000000028e+02
2.283999999999999986e+01 5.299999999999999822e+00 1.149999999999999911e+00 8.399999999999999689e-01 1.549000000000000021e+01 4.860999999999999943e+01 6.259999999999999787e+00 9.890000000000000568e+00 1.198400000000000034e+02
2.319000000000000128e+01 5.259999999999999787e+00 1.149999999999999911e+00 8.499999999999999778e-01 1.617999999999999972e+01 4.927000000000000313e+01 6.169999999999999929e+00 9.859999999999999432e+00 1.245999999999999943e+02
2.305999999999999872e+01 5.209999999999999964e+00 1.149999999999999911e+00 8.599999999999999867e-01 1.660000000000000142e+01 4.927000000000000313e+01 6.059999999999999609e+00 9.820000000000000284e+00 1.198799999999999955e+02
2.253999999999999915e+01 5.139999999999999680e+00 1.149999999999999911e+00 8.699999999999999956e-01 1.655999999999999872e+01 4.989000000000000057e+01 5.809999999999999609e+00 9.750000000000000000e+00 1.093900000000000006e+02
2.210999999999999943e+01 5.080000000000000071e+00 1.149999999999999911e+00 8.800000000000000044e-01 1.642999999999999972e+01 4.950999999999999801e+01 5.629999999999999893e+00 9.699999999999999289e+00 1.014300000000000068e+02
2.194000000000000128e+01 5.030000000000000249e+00 1.149999999999999911e+00 8.900000000000000133e-01 1.603999999999999915e+01 5.121000000000000085e+01 5.530000000000000249e+00 9.699999999999999289e+00 9.620999999999999375e+01
2.205999999999999872e+01 4.990000000000000213e+00 1.149999999999999911e+00 8.900000000000000133e-01 1.578999999999999915e+01 5.375999999999999801e+01 5.459999999999999964e+00 9.740000000000000213e+00 9.501000000000000512e+01
2.248999999999999844e+01 4.969999999999999751e+00 1.139999999999999902e+00 9.000000000000000222e-01 1.552999999999999936e+01 5.627000000000000313e+01 5.389999999999999680e+00 9.750000000000000000e+00 9.862000000000000455e+01
2.262999999999999901e+01 4.940000000000000391e+00 1.139999999999999902e+00 8.900000000000000133e-01 1.523000000000000043e+01 5.842999999999999972e+01 5.330000000000000071e+00 9.720000000000000639e+00 1.053199999999999932e+02
2.271000000000000085e+01 4.900000000000000355e+00 1.139999999999999902e+00 8.900000000000000133e-01 1.482000000000000028e+01 6.028000000000000114e+01 5.190000000000000391e+00 9.650000000000000355e+00 1.136599999999999966e+02
2.212000000000000099e+01 4.830000000000000071e+00 1.129999999999999893e+00 9.000000000000000222e-01 1.406000000000000050e+01 5.893999999999999773e+01 5.049999999999999822e+00 9.589999999999999858e+00 1.176500000000000057e+02
2.135000000000000142e+01 4.759999999999999787e+00 1.129999999999999893e+00 9.000000000000000222e-01 1.344999999999999929e+01 5.810000000000000142e+01 4.820000000000000284e+00 9.519999999999999574e+00 1.164000000000000057e+02
2.069999999999999929e+01 4.690000000000000391e+00 1.120000000000000107e+00 9.000000000000000222e-01 1.307000000000000028e+01 5.839000000000000057e+01 4.580000000000000071e+00 9.369999999999999218e+00 1.113299999999999983e+02
2.037999999999999901e+01 4.629999999999999893e+00 1.120000000000000107e+00 9.100000000000000311e-01 1.250000000000000000e+01 5.889999999999999858e+01 4.419999999999999929e+00 9.230000000000000426e+00 1.114500000000000028e+02
2.042999999999999972e+01 4.589999999999999858e+00 1.120000000000000107e+00 9.100000000000000311e-01 1.216000000000000014e+01 5.942000000000000171e+01 4.290000000000000036e+00 9.060000000000000497e+00 1.103299999999999983e+02
2.105999999999999872e+01 4.570000000000000284e+00 1.110000000000000098e+00 9.000000000000000222e-01 1.182000000000000028e+01 6.242999999999999972e+01 4.219999999999999751e+00 8.869999999999999218e+00 1.120499999999999972e+02
2.192999999999999972e+01 4.549999999999999822e+00 1.110000000000000098e+00 9.000000000000000222e-01 1.161999999999999922e+01 6.487999999999999545e+01 4.049999999999999822e+00 8.669999999999999929e+00 1.094000000000000057e+02
2.292999999999999972e+01 4.540000000000000036e+00 1.110000000000000098e+00 9.000000000000000222e-01 1.113000000000000078e+01 6.726000000000000512e+01 3.919999999999999929e+00 8.460000000000000853e+00 1.072199999999999989e+02
2.367999999999999972e+01 4.519999999999999574e+00 1.110000000000000098e+00 9.000000000000000222e-01 1.074000000000000021e+01 7.006000000000000227e+01 3.750000000000000000e+00 8.240000000000000213e+00 1.023700000000000045e+02
2.389999999999999858e+01 4.490000000000000213e+00 1.100000000000000089e+00 8.900000000000000133e-01 1.023000000000000043e+01 7.287999999999999545e+01 3.569999999999999840e+00 8.070000000000000284e+00 9.703000000000000114e+01
2.330999999999999872e+01 4.450000000000000178e+00 1.100000000000000089e+00 8.900000000000000133e-01 9.599999999999999645e+00 7.179999999999999716e+01 3.450000000000000178e+00 7.910000000000000142e+00 9.301000000000000512e+01
2.282000000000000028e+01 4.410000000000000142e+00 1.100000000000000089e+00 9.000000000000000222e-01 9.169999999999999929e+00 7.073000000000000398e+01 3.379999999999999893e+00 7.759999999999999787e+00 8.895999999999999375e+01
2.260000000000000142e+01 4.379999999999999893e+00 1.100000000000000089e+00 9.000000000000000222e-01 8.900000000000000355e+00 7.382999999999999829e+01 3.299999999999999822e+00 7.669999999999999929e+00 8.493999999999999773e+01
2.273000000000000043e+01 4.349999999999999645e+00 1.100000000000000089e+00 9.100000000000000311e-01 8.619999999999999218e+00 7.726999999999999602e+01 3.259999999999999787e+00 7.519999999999999574e+00 8.182999999999999829e+01
2.292999999999999972e+01 4.320000000000000284e+00 1.100000000000000089e+00 9.200000000000000400e-01 8.400000000000000355e+00 8.285999999999999943e+01 3.200000000000000178e+00 7.379999999999999893e+00 8.100000000000000000e+01
2.287000000000000099e+01 4.299999999999999822e+00 1.100000000000000089e+00 9.200000000000000400e-01 8.189999999999999503e+00 8.859999999999999432e+01 3.140000000000000124e+00 7.280000000000000249e+00 8.000000000000000000e+01
2.269000000000000128e+01 4.269999999999999574e+00 1.100000000000000089e+00 9.300000000000000488e-01 8.039999999999999147e+00 9.781000000000000227e+01 3.069999999999999840e+00 7.190000000000000391e+00 7.818999999999999773e+01
2.205000000000000071e+01 4.240000000000000213e+00 1.100000000000000089e+00 9.300000000000000488e-01 7.730000000000000426e+00 1.028799999999999955e+02 3.000000000000000000e+00 7.089999999999999858e+00 7.595999999999999375e+01
2.139999999999999858e+01 4.219999999999999751e+00 1.100000000000000089e+00 9.300000000000000488e-01 7.360000000000000320e+00 1.118299999999999983e+02 2.919999999999999929e+00 7.030000000000000249e+00 7.378000000000000114e+01
2.057000000000000028e+01 4.179999999999999716e+00 1.090000000000000080e+00 9.399999999999999467e-01 6.959999999999999964e+00 1.037999999999999972e+02 2.839999999999999858e+00 6.910000000000000142e+00 7.006999999999999318e+01
2.025000000000000000e+01 4.150000000000000355e+00 1.090000000000000080e+00 9.399999999999999467e-01 6.660000000000000142e+00 9.384999999999999432e+01 2.779999999999999805e+00 6.830000000000000071e+00 6.817000000000000171e+01
2.058999999999999986e+01 4.129999999999999893e+00 1.090000000000000080e+00 9.399999999999999467e-01 6.370000000000000107e+00 8.942000000000000171e+01 2.750000000000000000e+00 6.769999999999999574e+00 6.684999999999999432e+01
2.150000000000000000e+01 4.120000000000000107e+00 1.090000000000000080e+00 9.300000000000000488e-01 6.150000000000000355e+00 8.967000000000000171e+01 2.740000000000000213e+00 6.730000000000000426e+00 6.660999999999999943e+01
2.242000000000000171e+01 4.120000000000000107e+00 1.080000000000000071e+00 9.200000000000000400e-01 6.009999999999999787e+00 9.187999999999999545e+01 2.700000000000000178e+00 6.679999999999999716e+00 6.731999999999999318e+01
2.321999999999999886e+01 4.099999999999999645e+00 1.080000000000000071e+00 9.100000000000000311e-01 5.849999999999999645e+00 9.585999999999999943e+01 2.640000000000000124e+00 6.650000000000000355e+00 6.667000000000000171e+01
2.366000000000000014e+01 4.099999999999999645e+00 1.080000000000000071e+00 8.900000000000000133e-01 5.719999999999999751e+00 9.998000000000000398e+01 2.620000000000000107e+00 6.639999999999999680e+00 6.712999999999999545e+01
2.330999999999999872e+01 4.080000000000000071e+00 1.070000000000000062e+00 8.800000000000000044e-01 5.570000000000000284e+00 1.040999999999999943e+02 2.609999999999999876e+00 6.629999999999999893e+00 6.773999999999999488e+01
2.230999999999999872e+01 4.049999999999999822e+00 1.070000000000000062e+00 8.699999999999999956e-01 5.469999999999999751e+00 1.006599999999999966e+02 2.600000000000000089e+00 6.620000000000000107e+00 6.776999999999999602e+01
2.135999999999999943e+01 4.019999999999999574e+00 1.070000000000000062e+00 8.599999999999999867e-01 5.360000000000000320e+00 9.659000000000000341e+01 2.569999999999999840e+00 6.620000000000000107e+00 6.765000000000000568e+01
2.092999999999999972e+01 4.009999999999999787e+00 1.060000000000000053e+00 8.499999999999999778e-01 5.269999999999999574e+00 1.007399999999999949e+02 2.540000000000000036e+00 6.629999999999999893e+00 6.828000000000000114e+01
2.121999999999999886e+01 4.009999999999999787e+00 1.060000000000000053e+00 8.299999999999999600e-01 5.179999999999999716e+00 1.072000000000000028e+02 2.490000000000000213e+00 6.650000000000000355e+00 7.040000000000000568e+01
2.173999999999999844e+01 4.000000000000000000e+00 1.060000000000000053e+00 8.199999999999999512e-01 5.070000000000000284e+00 1.127300000000000040e+02 2.450000000000000178e+00 6.650000000000000355e+00 7.234999999999999432e+01
2.205000000000000071e+01 4.000000000000000000e+00 1.050000000000000044e+00 8.100000000000000533e-01 4.929999999999999716e+00 1.092699999999999960e+02 2.419999999999999929e+00 6.650000000000000355e+00 7.503000000000000114e+01
2.226999999999999957e+01 3.990000000000000213e+00 1.050000000000000044e+00 8.000000000000000444e-01 4.730000000000000426e+00 1.000999999999999943e+02 2.430000000000000160e+00 6.639999999999999680e+00 7.526000000000000512e+01
2.267999999999999972e+01 3.979999999999999982e+00 1.050000000000000044e+00 8.000000000000000444e-01 4.519999999999999574e+00 9.215999999999999659e+01 2.430000000000000160e+00 6.639999999999999680e+00 7.551999999999999602e+01
2.319000000000000128e+01 3.979999999999999982e+00 1.040000000000000036e+00 7.900000000000000355e-01 4.320000000000000284e+00 8.479000000000000625e+01 2.410000000000000142e+00 6.669999999999999929e+00 7.606000000000000227e+01
