1.000000000000000000e+01
9.700001716613769531e+00
9.413415908813476562e+00
9.185664176940917969e+00
9.079787254333496094e+00
9.077377319335937500e+00
9.151909828186035156e+00
9.272297859191894531e+00
9.402514457702636719e+00
9.518396377563476562e+00
9.598872184753417969e+00
9.636700630187988281e+00
9.628667831420898438e+00
9.575330734252929688e+00
9.488724708557128906e+00
9.378059387207031250e+00
9.268927574157714844e+00
9.157157897949218750e+00
9.054403305053710938e+00
8.970958709716796875e+00
8.907268524169921875e+00
8.860288619995117188e+00
8.811285018920898438e+00
8.760774612426757812e+00
8.728861808776855469e+00
8.723884582519531250e+00
8.736980438232421875e+00
8.763567924499511719e+00
8.798175811767578125e+00
8.826341629028320312e+00
8.844590187072753906e+00
8.862998962402343750e+00
8.873730659484863281e+00
8.882059097290039062e+00
8.885791778564453125e+00
8.882832527160644531e+00
8.861451148986816406e+00
8.834877014160156250e+00
8.793416023254394531e+00
8.747434616088867188e+00
8.706927299499511719e+00
8.680045127868652344e+00
8.664534568786621094e+00
8.658404350280761719e+00
8.664016723632812500e+00
8.682662963867187500e+00
8.706161499023437500e+00
8.725597381591796875e+00
8.742920875549316406e+00
8.749761581420898438e+00
8.737870216369628906e+00
8.722082138061523438e+00
8.707862854003906250e+00
8.688341140747070312e+00
8.675043106079101562e+00
8.665991783142089844e+00
8.664893150329589844e+00
8.667196273803710938e+00
8.667421340942382812e+00
8.655304908752441406e+00
8.636401176452636719e+00
8.608529090881347656e+00
8.577792167663574219e+00
8.548525810241699219e+00
8.535482406616210938e+00
8.537710189819335938e+00
8.541026115417480469e+00
8.537939071655273438e+00
8.540356636047363281e+00
8.552122116088867188e+00
8.578037261962890625e+00
8.604367256164550781e+00
8.626091957092285156e+00
8.638379096984863281e+00
8.629513740539550781e+00
8.604759216308593750e+00
8.586529731750488281e+00
8.579545974731445312e+00
8.589356422424316406e+00
8.608938217163085938e+00
8.620708465576171875e+00
8.634991645812988281e+00
8.649836540222167969e+00
8.664925575256347656e+00
8.676177024841308594e+00
8.664319992065429688e+00
8.633726119995117188e+00
8.592849731445312500e+00
8.565468788146972656e+00
8.564393043518066406e+00
8.589169502258300781e+00
8.627408981323242188e+00
8.640165328979492188e+00
8.635262489318847656e+00
8.616950988769531250e+00
8.610353469848632812e+00
8.610342979431152344e+00
8.610737800598144531e+00
8.599102973937988281e+00
8.584510803222656250e+00
8.582400321960449219e+00
8.600554466247558594e+00
8.626925468444824219e+00
8.642887115478515625e+00
8.661482810974121094e+00
8.664730072021484375e+00
8.653652191162109375e+00
8.638337135314941406e+00
8.630949020385742188e+00
8.630972862243652344e+00
8.636909484863281250e+00
8.653006553649902344e+00
8.653305053710937500e+00
8.642780303955078125e+00
8.628466606140136719e+00
8.611454963684082031e+00
8.607352256774902344e+00
8.605475425720214844e+00
8.603632926940917969e+00
8.607289314270019531e+00
8.614775657653808594e+00
8.633501052856445312e+00
8.642609596252441406e+00
8.650071144104003906e+00
8.654706954956054688e+00
8.643808364868164062e+00
8.649297714233398438e+00
8.670524597167968750e+00
8.688231468200683594e+00
8.682149887084960938e+00
8.664772033691406250e+00
8.632431030273437500e+00
8.608531951904296875e+00
8.595061302185058594e+00
8.621156692504882812e+00
8.677219390869140625e+00
8.722270965576171875e+00
8.749900817871093750e+00
8.750649452209472656e+00
8.713419914245605469e+00
8.643534660339355469e+00
8.566112518310546875e+00
8.523603439331054688e+00
8.537691116333007812e+00
8.579130172729492188e+00
8.631937980651855469e+00
8.685058593750000000e+00
8.695480346679687500e+00
8.673073768615722656e+00
8.646042823791503906e+00
8.611196517944335938e+00
8.589066505432128906e+00
8.601455688476562500e+00
8.638647079467773438e+00
8.671120643615722656e+00
8.689791679382324219e+00
8.689122200012207031e+00
8.664758682250976562e+00
8.646090507507324219e+00
8.648462295532226562e+00
8.673773765563964844e+00
8.720623970031738281e+00
8.750782966613769531e+00
8.766118049621582031e+00
8.741061210632324219e+00
8.692866325378417969e+00
8.640684127807617188e+00
8.600812911987304688e+00
8.582611083984375000e+00
8.605463981628417969e+00
8.638484954833984375e+00
8.676039695739746094e+00
8.690956115722656250e+00
8.684500694274902344e+00
8.649843215942382812e+00
8.628192901611328125e+00
8.630537986755371094e+00
8.655208587646484375e+00
8.687656402587890625e+00
8.701675415039062500e+00
8.709960937500000000e+00
8.687891960144042969e+00
8.651413917541503906e+00
8.593394279479980469e+00
8.567451477050781250e+00
8.583403587341308594e+00
8.639232635498046875e+00
8.694867134094238281e+00
8.740656852722167969e+00
8.754544258117675781e+00
8.730927467346191406e+00
8.665529251098632812e+00
8.594870567321777344e+00
8.551298141479492188e+00
8.556998252868652344e+00
8.565124511718750000e+00
8.554027557373046875e+00
8.536646842956542969e+00
8.536346435546875000e+00
8.550714492797851562e+00
