-1.108163528442382812e+02
-1.105163650512695312e+02
-1.102168502807617188e+02
-1.099165267944335938e+02
-1.096150360107421875e+02
-1.093128585815429688e+02
-1.090097885131835938e+02
-1.087058639526367188e+02
-1.084028625488281250e+02
-1.081015625000000000e+02
-1.078008956909179688e+02
-1.075018081665039062e+02
-1.072052536010742188e+02
-1.069115371704101562e+02
-1.066200256347656250e+02
-1.063309478759765625e+02
-1.060406494140625000e+02
-1.057524566650390625e+02
-1.054656524658203125e+02
-1.051788330078125000e+02
-1.048935699462890625e+02
-1.046075439453125000e+02
-1.043255386352539062e+02
-1.040457839965820312e+02
-1.037667922973632812e+02
-1.034862976074218750e+02
-1.032085876464843750e+02
-1.029329681396484375e+02
-1.026557312011718750e+02
-1.023807601928710938e+02
-1.021095199584960938e+02
-1.018396911621093750e+02
-1.015744323730468750e+02
-1.013119583129882812e+02
-1.010528335571289062e+02
-1.007953720092773438e+02
-1.005430297851562500e+02
-1.002920379638671875e+02
-1.000457687377929688e+02
-9.980206298828125000e+01
-9.956066894531250000e+01
-9.931980133056640625e+01
-9.908343505859375000e+01
-9.885055541992187500e+01
-9.862023925781250000e+01
-9.839338684082031250e+01
-9.816834259033203125e+01
-9.794746398925781250e+01
-9.773258209228515625e+01
-9.752339935302734375e+01
-9.732066345214843750e+01
-9.711991119384765625e+01
-9.692024230957031250e+01
-9.672283172607421875e+01
-9.652755737304687500e+01
-9.633448028564453125e+01
-9.614672851562500000e+01
-9.596096038818359375e+01
-9.578017425537109375e+01
-9.560368347167968750e+01
-9.543230438232421875e+01
-9.526702117919921875e+01
-9.510337829589843750e+01
-9.494373321533203125e+01
-9.478865814208984375e+01
-9.463995361328125000e+01
-9.449578094482421875e+01
-9.435124206542968750e+01
-9.421519470214843750e+01
-9.408554840087890625e+01
-9.396043395996093750e+01
-9.384147644042968750e+01
-9.372249603271484375e+01
-9.360600280761718750e+01
-9.349359130859375000e+01
-9.338386535644531250e+01
-9.327787780761718750e+01
-9.317494964599609375e+01
-9.307425689697265625e+01
-9.297962951660156250e+01
-9.288500213623046875e+01
-9.279071807861328125e+01
-9.269976806640625000e+01
-9.261188507080078125e+01
-9.253028106689453125e+01
-9.244754028320312500e+01
-9.236399078369140625e+01
-9.228445434570312500e+01
-9.220584106445312500e+01
-9.212730407714843750e+01
-9.204953765869140625e+01
-9.197209930419921875e+01
-9.190029144287109375e+01
-9.183114624023437500e+01
-9.176087951660156250e+01
-9.169517517089843750e+01
-9.163436889648437500e+01
-9.157874298095703125e+01
-9.152536010742187500e+01
-9.147022247314453125e+01
-9.141914367675781250e+01
-9.137340545654296875e+01
-9.132880401611328125e+01
-9.128058624267578125e+01
-9.123207092285156250e+01
-9.118608093261718750e+01
-9.114205932617187500e+01
-9.109938049316406250e+01
-9.106034851074218750e+01
-9.102487182617187500e+01
-9.099108123779296875e+01
-9.096543884277343750e+01
-9.094068908691406250e+01
-9.092088317871093750e+01
-9.090196990966796875e+01
-9.087734985351562500e+01
-9.085380554199218750e+01
-9.083068847656250000e+01
-9.080889892578125000e+01
-9.079232025146484375e+01
-9.077178955078125000e+01
-9.075455474853515625e+01
-9.073623657226562500e+01
-9.071648406982421875e+01
-9.069765472412109375e+01
-9.067575073242187500e+01
-9.065541839599609375e+01
-9.063582611083984375e+01
-9.061737060546875000e+01
-9.060448455810546875e+01
-9.059083557128906250e+01
-9.058032989501953125e+01
-9.057249450683593750e+01
-9.056899261474609375e+01
-9.057454681396484375e+01
-9.057896423339843750e+01
-9.058392333984375000e+01
-9.058377838134765625e+01
-9.058293151855468750e+01
-9.058187103271484375e+01
-9.057982635498046875e+01
-9.057763671875000000e+01
-9.057221984863281250e+01
-9.057178497314453125e+01
-9.057176971435546875e+01
-9.058118438720703125e+01
-9.059157562255859375e+01
-9.059715270996093750e+01
-9.060941314697265625e+01
-9.062827301025390625e+01
-9.064271545410156250e+01
-9.066030883789062500e+01
-9.067920684814453125e+01
-9.070333862304687500e+01
-9.072659301757812500e+01
-9.075238800048828125e+01
-9.078154754638671875e+01
-9.081041717529296875e+01
-9.083840942382812500e+01
-9.086528778076171875e+01
-9.088986206054687500e+01
-9.091120910644531250e+01
-9.092768859863281250e+01
-9.094580078125000000e+01
-9.096036529541015625e+01
-9.097031402587890625e+01
-9.098104095458984375e+01
-9.099220275878906250e+01
-9.099895477294921875e+01
-9.100659942626953125e+01
-9.100969696044921875e+01
-9.101010131835937500e+01
-9.100942230224609375e+01
-9.100622558593750000e+01
-9.100017547607421875e+01
-9.098509216308593750e+01
-9.096907806396484375e+01
-9.095218658447265625e+01
-9.093774414062500000e+01
-9.092017364501953125e+01
-9.090280914306640625e+01
-9.087830352783203125e+01
-9.086071014404296875e+01
-9.083209228515625000e+01
-9.081138610839843750e+01
-9.078972625732421875e+01
-9.076478576660156250e+01
-9.073756408691406250e+01
-9.070903015136718750e+01
-9.068409729003906250e+01
-9.066732025146484375e+01
-9.064796447753906250e+01
-9.063317871093750000e+01
-9.062020874023437500e+01
-9.061031341552734375e+01
-9.060296630859375000e+01
-9.059062957763671875e+01
-9.057949829101562500e+01
-9.057076263427734375e+01
-9.055138397216796875e+01
