3.096999999999999886e+01 1.907000000000000028e+01 2.210999999999999943e+01 2.210999999999999943e+01 1.839999999999999858e+01 4.029999999999999716e+01 1.698000000000000043e+01 2.798999999999999844e+01 4.379999999999999716e+01
2.294000000000000128e+01 1.413000000000000078e+01 1.637999999999999901e+01 1.637999999999999901e+01 1.363000000000000078e+01 2.985000000000000142e+01 1.258000000000000007e+01 2.073999999999999844e+01 3.246000000000000085e+01
1.751999999999999957e+01 1.048000000000000043e+01 1.275999999999999979e+01 1.289000000000000057e+01 1.016000000000000014e+01 2.292000000000000171e+01 9.330000000000000071e+00 1.707999999999999829e+01 3.885000000000000142e+01
1.365000000000000036e+01 8.269999999999999574e+00 1.024000000000000021e+01 1.010999999999999943e+01 8.240000000000000213e+00 1.732000000000000028e+01 7.150000000000000355e+00 1.500999999999999979e+01 4.260000000000000142e+01
1.114000000000000057e+01 6.900000000000000355e+00 8.339999999999999858e+00 8.179999999999999716e+00 6.990000000000000213e+00 1.452999999999999936e+01 6.669999999999999929e+00 1.239000000000000057e+01 5.150000000000000000e+01
9.740000000000000213e+00 6.009999999999999787e+00 6.990000000000000213e+00 6.669999999999999929e+00 6.089999999999999858e+00 1.234999999999999964e+01 7.169999999999999929e+00 1.128999999999999915e+01 6.389999999999999858e+01
8.759999999999999787e+00 5.370000000000000107e+00 6.099999999999999645e+00 5.450000000000000178e+00 5.679999999999999716e+00 1.071000000000000085e+01 7.629999999999999893e+00 9.509999999999999787e+00 8.060999999999999943e+01
8.019999999999999574e+00 5.009999999999999787e+00 5.290000000000000036e+00 4.620000000000000107e+00 5.230000000000000426e+00 9.330000000000000071e+00 8.890000000000000568e+00 8.410000000000000142e+00 1.035600000000000023e+02
7.450000000000000178e+00 4.740000000000000213e+00 4.629999999999999893e+00 3.979999999999999982e+00 4.690000000000000391e+00 8.349999999999999645e+00 1.075999999999999979e+01 8.099999999999999645e+00 1.349799999999999898e+02
6.959999999999999964e+00 4.540000000000000036e+00 4.089999999999999858e+00 3.470000000000000195e+00 4.480000000000000426e+00 7.580000000000000071e+00 1.332000000000000028e+01 8.210000000000000853e+00 1.512100000000000080e+02
6.519999999999999574e+00 4.410000000000000142e+00 3.620000000000000107e+00 3.060000000000000053e+00 4.290000000000000036e+00 6.940000000000000391e+00 1.575999999999999979e+01 8.080000000000000071e+00 1.464699999999999989e+02
6.150000000000000355e+00 4.290000000000000036e+00 3.250000000000000000e+00 2.729999999999999982e+00 4.059999999999999609e+00 6.440000000000000391e+00 1.932000000000000028e+01 7.820000000000000284e+00 1.360900000000000034e+02
5.860000000000000320e+00 4.209999999999999964e+00 2.939999999999999947e+00 2.470000000000000195e+00 3.810000000000000053e+00 6.070000000000000284e+00 2.353000000000000114e+01 7.330000000000000071e+00 1.295000000000000000e+02
5.620000000000000107e+00 4.160000000000000142e+00 2.680000000000000160e+00 2.250000000000000000e+00 3.549999999999999822e+00 5.830000000000000071e+00 2.864999999999999858e+01 6.910000000000000142e+00 1.230499999999999972e+02
5.469999999999999751e+00 4.129999999999999893e+00 2.479999999999999982e+00 2.069999999999999840e+00 3.390000000000000124e+00 5.780000000000000249e+00 3.385000000000000142e+01 6.459999999999999964e+00 1.127099999999999937e+02
5.360000000000000320e+00 4.150000000000000355e+00 2.290000000000000036e+00 1.929999999999999938e+00 3.250000000000000000e+00 5.780000000000000249e+00 4.149000000000000199e+01 6.080000000000000071e+00 1.090699999999999932e+02
5.250000000000000000e+00 4.209999999999999964e+00 2.120000000000000107e+00 1.800000000000000044e+00 3.089999999999999858e+00 5.790000000000000036e+00 4.979999999999999716e+01 5.759999999999999787e+00 1.043100000000000023e+02
5.179999999999999716e+00 4.259999999999999787e+00 1.959999999999999964e+00 1.699999999999999956e+00 3.060000000000000053e+00 5.820000000000000284e+00 6.181000000000000227e+01 5.740000000000000213e+00 1.025400000000000063e+02
5.120000000000000107e+00 4.320000000000000284e+00 1.820000000000000062e+00 1.620000000000000107e+00 3.120000000000000107e+00 5.900000000000000355e+00 7.237000000000000455e+01 5.509999999999999787e+00 1.015900000000000034e+02
5.049999999999999822e+00 4.370000000000000107e+00 1.709999999999999964e+00 1.540000000000000036e+00 3.149999999999999911e+00 5.950000000000000178e+00 7.248000000000000398e+01 5.330000000000000071e+00 1.008400000000000034e+02
4.990000000000000213e+00 4.419999999999999929e+00 1.600000000000000089e+00 1.469999999999999973e+00 3.129999999999999893e+00 6.139999999999999680e+00 7.484999999999999432e+01 5.099999999999999645e+00 1.026200000000000045e+02
4.950000000000000178e+00 4.490000000000000213e+00 1.520000000000000018e+00 1.399999999999999911e+00 3.149999999999999911e+00 6.280000000000000249e+00 7.406000000000000227e+01 4.839999999999999858e+00 1.010100000000000051e+02
4.919999999999999929e+00 4.589999999999999858e+00 1.439999999999999947e+00 1.330000000000000071e+00 3.140000000000000124e+00 6.389999999999999680e+00 7.157999999999999829e+01 4.610000000000000320e+00 1.014899999999999949e+02
4.889999999999999680e+00 4.700000000000000178e+00 1.379999999999999893e+00 1.270000000000000018e+00 3.120000000000000107e+00 6.490000000000000213e+00 6.929000000000000625e+01 4.450000000000000178e+00 1.014599999999999937e+02
4.879999999999999893e+00 4.849999999999999645e+00 1.330000000000000071e+00 1.219999999999999973e+00 3.100000000000000089e+00 6.719999999999999751e+00 6.570999999999999375e+01 4.269999999999999574e+00 1.053400000000000034e+02
4.870000000000000107e+00 5.000000000000000000e+00 1.290000000000000036e+00 1.169999999999999929e+00 3.049999999999999822e+00 7.070000000000000284e+00 6.470000000000000284e+01 4.120000000000000107e+00 1.125100000000000051e+02
4.860000000000000320e+00 5.139999999999999680e+00 1.250000000000000000e+00 1.129999999999999893e+00 3.049999999999999822e+00 7.360000000000000320e+00 6.850000000000000000e+01 4.059999999999999609e+00 1.221800000000000068e+02
4.879999999999999893e+00 5.339999999999999858e+00 1.219999999999999973e+00 1.090000000000000080e+00 3.160000000000000142e+00 7.570000000000000284e+00 6.893000000000000682e+01 3.950000000000000178e+00 1.279500000000000028e+02
4.889999999999999680e+00 5.440000000000000391e+00 1.189999999999999947e+00 1.060000000000000053e+00 3.240000000000000213e+00 7.809999999999999609e+00 6.812999999999999545e+01 3.830000000000000071e+00 1.306699999999999875e+02
4.900000000000000355e+00 5.519999999999999574e+00 1.169999999999999929e+00 1.030000000000000027e+00 3.310000000000000053e+00 7.919999999999999929e+00 6.960999999999999943e+01 3.709999999999999964e+00 1.333700000000000045e+02
4.940000000000000391e+00 5.549999999999999822e+00 1.149999999999999911e+00 1.000000000000000000e+00 3.379999999999999893e+00 8.109999999999999432e+00 6.662999999999999545e+01 3.660000000000000142e+00 1.310500000000000114e+02
4.980000000000000426e+00 5.580000000000000071e+00 1.139999999999999902e+00 9.799999999999999822e-01 3.410000000000000142e+00 8.439999999999999503e+00 6.324000000000000199e+01 3.580000000000000071e+00 1.221500000000000057e+02
5.009999999999999787e+00 5.629999999999999893e+00 1.120000000000000107e+00 9.599999999999999645e-01 3.509999999999999787e+00 8.609999999999999432e+00 5.800000000000000000e+01 3.549999999999999822e+00 1.174399999999999977e+02
5.080000000000000071e+00 5.660000000000000142e+00 1.110000000000000098e+00 9.300000000000000488e-01 3.529999999999999805e+00 8.939999999999999503e+00 5.409000000000000341e+01 3.540000000000000036e+00 1.184699999999999989e+02
5.169999999999999929e+00 5.759999999999999787e+00 1.090000000000000080e+00 9.200000000000000400e-01 3.520000000000000018e+00 9.259999999999999787e+00 5.339999999999999858e+01 3.529999999999999805e+00 1.189399999999999977e+02
5.269999999999999574e+00 5.799999999999999822e+00 1.080000000000000071e+00 9.000000000000000222e-01 3.399999999999999911e+00 9.800000000000000711e+00 5.514999999999999858e+01 3.569999999999999840e+00 1.215000000000000000e+02
5.379999999999999893e+00 5.959999999999999964e+00 1.070000000000000062e+00 8.800000000000000044e-01 3.319999999999999840e+00 1.014000000000000057e+01 5.642000000000000171e+01 3.580000000000000071e+00 1.261599999999999966e+02
5.480000000000000426e+00 6.139999999999999680e+00 1.060000000000000053e+00 8.699999999999999956e-01 3.160000000000000142e+00 1.055000000000000071e+01 5.385000000000000142e+01 3.620000000000000107e+00 1.264000000000000057e+02
5.589999999999999858e+00 6.419999999999999929e+00 1.050000000000000044e+00 8.599999999999999867e-01 3.080000000000000071e+00 1.106000000000000050e+01 5.232000000000000028e+01 3.649999999999999911e+00 1.215600000000000023e+02
5.690000000000000391e+00 6.700000000000000178e+00 1.040000000000000036e+00 8.399999999999999689e-01 2.979999999999999982e+00 1.119999999999999929e+01 5.090999999999999659e+01 3.750000000000000000e+00 1.181700000000000017e+02
5.769999999999999574e+00 7.019999999999999574e+00 1.030000000000000027e+00 8.299999999999999600e-01 2.899999999999999911e+00 1.171000000000000085e+01 4.786999999999999744e+01 3.770000000000000018e+00 1.117099999999999937e+02
5.849999999999999645e+00 7.410000000000000142e+00 1.020000000000000018e+00 8.199999999999999512e-01 2.779999999999999805e+00 1.216999999999999993e+01 4.490999999999999659e+01 3.740000000000000213e+00 1.028700000000000045e+02
5.959999999999999964e+00 7.839999999999999858e+00 1.000000000000000000e+00 8.100000000000000533e-01 2.640000000000000124e+00 1.247000000000000064e+01 4.339000000000000057e+01 3.709999999999999964e+00 9.823999999999999488e+01
6.070000000000000284e+00 8.160000000000000142e+00 9.899999999999999911e-01 7.900000000000000355e-01 2.540000000000000036e+00 1.343999999999999950e+01 4.132000000000000028e+01 3.720000000000000195e+00 9.629999999999999716e+01
6.179999999999999716e+00 8.599999999999999645e+00 9.699999999999999734e-01 7.800000000000000266e-01 2.459999999999999964e+00 1.447000000000000064e+01 3.943999999999999773e+01 3.720000000000000195e+00 9.787000000000000455e+01
6.290000000000000036e+00 8.990000000000000213e+00 9.599999999999999645e-01 7.700000000000000178e-01 2.379999999999999893e+00 1.542999999999999972e+01 3.846999999999999886e+01 3.770000000000000018e+00 1.034800000000000040e+02
6.410000000000000142e+00 9.460000000000000853e+00 9.499999999999999556e-01 7.500000000000000000e-01 2.290000000000000036e+00 1.651000000000000156e+01 3.917000000000000171e+01 3.799999999999999822e+00 1.100699999999999932e+02
6.549999999999999822e+00 9.740000000000000213e+00 9.399999999999999467e-01 7.399999999999999911e-01 2.209999999999999964e+00 1.737999999999999901e+01 4.028999999999999915e+01 3.770000000000000018e+00 1.158400000000000034e+02
6.650000000000000355e+00 9.970000000000000639e+00 9.300000000000000488e-01 7.299999999999999822e-01 2.100000000000000089e+00 1.744999999999999929e+01 4.217999999999999972e+01 3.709999999999999964e+00 1.190900000000000034e+02
6.759999999999999787e+00 1.000000000000000000e+01 9.200000000000000400e-01 7.199999999999999734e-01 2.009999999999999787e+00 1.764000000000000057e+01 4.442000000000000171e+01 3.649999999999999911e+00 1.221599999999999966e+02
6.870000000000000107e+00 1.005000000000000071e+01 9.200000000000000400e-01 7.199999999999999734e-01 1.939999999999999947e+00 1.769999999999999929e+01 4.567999999999999972e+01 3.589999999999999858e+00 1.252000000000000028e+02
7.000000000000000000e+00 1.007000000000000028e+01 9.100000000000000311e-01 7.099999999999999645e-01 1.889999999999999902e+00 1.728000000000000114e+01 4.889000000000000057e+01 3.640000000000000124e+00 1.251700000000000017e+02
7.139999999999999680e+00 1.008999999999999986e+01 9.000000000000000222e-01 6.999999999999999556e-01 1.820000000000000062e+00 1.644999999999999929e+01 5.296000000000000085e+01 3.680000000000000160e+00 1.250999999999999943e+02
7.269999999999999574e+00 1.005000000000000071e+01 8.900000000000000133e-01 6.999999999999999556e-01 1.750000000000000000e+00 1.497000000000000064e+01 5.775999999999999801e+01 3.629999999999999893e+00 1.196099999999999994e+02
7.429999999999999716e+00 1.013000000000000078e+01 8.900000000000000133e-01 6.999999999999999556e-01 1.709999999999999964e+00 1.433000000000000007e+01 6.157000000000000028e+01 3.600000000000000089e+00 1.148700000000000045e+02
7.589999999999999858e+00 1.033000000000000007e+01 8.800000000000000044e-01 6.899999999999999467e-01 1.659999999999999920e+00 1.406000000000000050e+01 6.415999999999999659e+01 3.580000000000000071e+00 1.111700000000000017e+02
7.780000000000000249e+00 1.068999999999999950e+01 8.800000000000000044e-01 6.899999999999999467e-01 1.610000000000000098e+00 1.391000000000000014e+01 7.064000000000000057e+01 3.600000000000000089e+00 1.089699999999999989e+02
7.959999999999999964e+00 1.116999999999999993e+01 8.699999999999999956e-01 6.899999999999999467e-01 1.570000000000000062e+00 1.417999999999999972e+01 7.612000000000000455e+01 3.600000000000000089e+00 1.075499999999999972e+02
8.150000000000000355e+00 1.160999999999999943e+01 8.699999999999999956e-01 6.899999999999999467e-01 1.540000000000000036e+00 1.441999999999999993e+01 8.293000000000000682e+01 3.580000000000000071e+00 1.057800000000000011e+02
8.310000000000000497e+00 1.183000000000000007e+01 8.699999999999999956e-01 6.800000000000000488e-01 1.510000000000000009e+00 1.446000000000000085e+01 8.470999999999999375e+01 3.529999999999999805e+00 1.030300000000000011e+02
8.449999999999999289e+00 1.191999999999999993e+01 8.699999999999999956e-01 6.800000000000000488e-01 1.489999999999999991e+00 1.461999999999999922e+01 8.378000000000000114e+01 3.470000000000000195e+00 9.834999999999999432e+01
8.570000000000000284e+00 1.191000000000000014e+01 8.699999999999999956e-01 6.800000000000000488e-01 1.479999999999999982e+00 1.483999999999999986e+01 8.051000000000000512e+01 3.399999999999999911e+00 9.348999999999999488e+01
8.660000000000000142e+00 1.200000000000000000e+01 8.699999999999999956e-01 6.800000000000000488e-01 1.459999999999999964e+00 1.480000000000000071e+01 7.926000000000000512e+01 3.250000000000000000e+00 8.881999999999999318e+01
8.769999999999999574e+00 1.213000000000000078e+01 8.699999999999999956e-01 6.800000000000000488e-01 1.439999999999999947e+00 1.389000000000000057e+01 8.328000000000000114e+01 3.160000000000000142e+00 8.428000000000000114e+01
8.849999999999999645e+00 1.224000000000000021e+01 8.599999999999999867e-01 6.800000000000000488e-01 1.439999999999999947e+00 1.293999999999999950e+01 9.140000000000000568e+01 3.089999999999999858e+00 8.143000000000000682e+01
8.919999999999999929e+00 1.221000000000000085e+01 8.599999999999999867e-01 6.800000000000000488e-01 1.439999999999999947e+00 1.207000000000000028e+01 9.600000000000000000e+01 3.049999999999999822e+00 7.964000000000000057e+01
8.990000000000000213e+00 1.222000000000000064e+01 8.699999999999999956e-01 6.800000000000000488e-01 1.429999999999999938e+00 1.156000000000000050e+01 1.014800000000000040e+02 2.939999999999999947e+00 7.792000000000000171e+01
9.060000000000000497e+00 1.209999999999999964e+01 8.699999999999999956e-01 6.700000000000000400e-01 1.409999999999999920e+00 1.131000000000000050e+01 9.770000000000000284e+01 2.850000000000000089e+00 7.570000000000000284e+01
9.109999999999999432e+00 1.166999999999999993e+01 8.699999999999999956e-01 6.700000000000000400e-01 1.399999999999999911e+00 1.069999999999999929e+01 8.679999999999999716e+01 2.750000000000000000e+00 7.314000000000000057e+01
9.199999999999999289e+00 1.136999999999999922e+01 8.699999999999999956e-01 6.700000000000000400e-01 1.399999999999999911e+00 1.032000000000000028e+01 8.103000000000000114e+01 2.680000000000000160e+00 7.143000000000000682e+01
9.349999999999999645e+00 1.125999999999999979e+01 8.699999999999999956e-01 6.700000000000000400e-01 1.389999999999999902e+00 9.830000000000000071e+00 8.140999999999999659e+01 2.600000000000000089e+00 7.009000000000000341e+01
9.550000000000000711e+00 1.126999999999999957e+01 8.699999999999999956e-01 6.600000000000000311e-01 1.399999999999999911e+00 9.380000000000000782e+00 8.584000000000000341e+01 2.560000000000000053e+00 7.020999999999999375e+01
9.789999999999999147e+00 1.135999999999999943e+01 8.699999999999999956e-01 6.600000000000000311e-01 1.399999999999999911e+00 8.830000000000000071e+00 9.667000000000000171e+01 2.520000000000000018e+00 7.106999999999999318e+01
9.990000000000000213e+00 1.121000000000000085e+01 8.699999999999999956e-01 6.600000000000000311e-01 1.389999999999999902e+00 8.619999999999999218e+00 1.008799999999999955e+02 2.520000000000000018e+00 7.351999999999999602e+01
1.014000000000000057e+01 1.089000000000000057e+01 8.699999999999999956e-01 6.600000000000000311e-01 1.389999999999999902e+00 8.279999999999999361e+00 9.770999999999999375e+01 2.520000000000000018e+00 7.551000000000000512e+01
1.025999999999999979e+01 1.050999999999999979e+01 8.699999999999999956e-01 6.600000000000000311e-01 1.379999999999999893e+00 7.809999999999999609e+00 8.898000000000000398e+01 2.479999999999999982e+00 7.645999999999999375e+01
1.040000000000000036e+01 1.016999999999999993e+01 8.699999999999999956e-01 6.600000000000000311e-01 1.360000000000000098e+00 7.379999999999999893e+00 8.109999999999999432e+01 2.459999999999999964e+00 7.876000000000000512e+01
1.056000000000000050e+01 9.839999999999999858e+00 8.699999999999999956e-01 6.600000000000000311e-01 1.330000000000000071e+00 7.030000000000000249e+00 7.512000000000000455e+01 2.430000000000000160e+00 8.007999999999999829e+01
1.077999999999999936e+01 9.570000000000000284e+00 8.699999999999999956e-01 6.600000000000000311e-01 1.300000000000000044e+00 6.750000000000000000e+00 7.112000000000000455e+01 2.390000000000000124e+00 8.287000000000000455e+01
1.103999999999999915e+01 9.410000000000000142e+00 8.699999999999999956e-01 6.600000000000000311e-01 1.280000000000000027e+00 6.480000000000000426e+00 6.968000000000000682e+01 2.399999999999999911e+00 8.775000000000000000e+01
1.133999999999999986e+01 9.289999999999999147e+00 8.699999999999999956e-01 6.600000000000000311e-01 1.260000000000000009e+00 6.349999999999999645e+00 6.820999999999999375e+01 2.419999999999999929e+00 9.146999999999999886e+01
1.166000000000000014e+01 9.140000000000000568e+00 8.699999999999999956e-01 6.700000000000000400e-01 1.250000000000000000e+00 6.160000000000000142e+00 7.046999999999999886e+01 2.450000000000000178e+00 9.631999999999999318e+01
1.197000000000000064e+01 8.919999999999999929e+00 8.699999999999999956e-01 6.700000000000000400e-01 1.250000000000000000e+00 6.019999999999999574e+00 7.264000000000000057e+01 2.470000000000000195e+00 1.034099999999999966e+02
1.219999999999999929e+01 8.599999999999999645e+00 8.699999999999999956e-01 6.700000000000000400e-01 1.239999999999999991e+00 5.889999999999999680e+00 7.453000000000000114e+01 2.470000000000000195e+00 1.063100000000000023e+02
1.233999999999999986e+01 8.269999999999999574e+00 8.699999999999999956e-01 6.700000000000000400e-01 1.229999999999999982e+00 5.679999999999999716e+00 7.751000000000000512e+01 2.479999999999999982e+00 1.076800000000000068e+02
1.240000000000000036e+01 7.889999999999999680e+00 8.800000000000000044e-01 6.800000000000000488e-01 1.209999999999999964e+00 5.490000000000000213e+00 7.706999999999999318e+01 2.459999999999999964e+00 1.062399999999999949e+02
1.250999999999999979e+01 7.570000000000000284e+00 8.800000000000000044e-01 6.800000000000000488e-01 1.199999999999999956e+00 5.250000000000000000e+00 7.454999999999999716e+01 2.459999999999999964e+00 1.010400000000000063e+02
1.267999999999999972e+01 7.280000000000000249e+00 8.800000000000000044e-01 6.899999999999999467e-01 1.179999999999999938e+00 5.110000000000000320e+00 7.645999999999999375e+01 2.459999999999999964e+00 9.498999999999999488e+01
1.297000000000000064e+01 7.070000000000000284e+00 8.800000000000000044e-01 6.899999999999999467e-01 1.159999999999999920e+00 4.940000000000000391e+00 7.781000000000000227e+01 2.419999999999999929e+00 8.968000000000000682e+01
1.341000000000000014e+01 6.919999999999999929e+00 8.800000000000000044e-01 6.999999999999999556e-01 1.120000000000000107e+00 4.790000000000000036e+00 8.312000000000000455e+01 2.350000000000000089e+00 8.685999999999999943e+01
1.391000000000000014e+01 6.809999999999999609e+00 8.800000000000000044e-01 6.999999999999999556e-01 1.100000000000000089e+00 4.700000000000000178e+00 9.048999999999999488e+01 2.259999999999999787e+00 8.423000000000000398e+01
1.442999999999999972e+01 6.679999999999999716e+00 8.699999999999999956e-01 6.999999999999999556e-01 1.080000000000000071e+00 4.599999999999999645e+00 1.003799999999999955e+02 2.149999999999999911e+00 8.154999999999999716e+01
1.491999999999999993e+01 6.540000000000000036e+00 8.699999999999999956e-01 7.099999999999999645e-01 1.050000000000000044e+00 4.509999999999999787e+00 1.045600000000000023e+02 2.080000000000000071e+00 7.845000000000000284e+01
1.517999999999999972e+01 6.360000000000000320e+00 8.699999999999999956e-01 7.099999999999999645e-01 1.030000000000000027e+00 4.410000000000000142e+00 1.043400000000000034e+02 2.009999999999999787e+00 7.556999999999999318e+01
1.524000000000000021e+01 6.169999999999999929e+00 8.699999999999999956e-01 7.099999999999999645e-01 1.010000000000000009e+00 4.280000000000000249e+00 9.406999999999999318e+01 1.949999999999999956e+00 7.398000000000000398e+01
1.528999999999999915e+01 5.980000000000000426e+00 8.800000000000000044e-01 7.099999999999999645e-01 9.899999999999999911e-01 4.179999999999999716e+00 8.470000000000000284e+01 1.899999999999999911e+00 7.346999999999999886e+01
1.541000000000000014e+01 5.830000000000000071e+00 8.800000000000000044e-01 7.099999999999999645e-01 9.699999999999999734e-01 4.080000000000000071e+00 7.645999999999999375e+01 1.820000000000000062e+00 7.507999999999999829e+01
1.572000000000000064e+01 5.700000000000000178e+00 8.800000000000000044e-01 7.099999999999999645e-01 9.599999999999999645e-01 4.009999999999999787e+00 7.281999999999999318e+01 1.760000000000000009e+00 7.742000000000000171e+01
1.614000000000000057e+01 5.599999999999999645e+00 8.800000000000000044e-01 7.099999999999999645e-01 9.499999999999999556e-01 3.950000000000000178e+00 7.384999999999999432e+01 1.709999999999999964e+00 8.073000000000000398e+01
1.657999999999999829e+01 5.500000000000000000e+00 8.800000000000000044e-01 7.099999999999999645e-01 9.499999999999999556e-01 3.859999999999999876e+00 7.923000000000000398e+01 1.669999999999999929e+00 8.673999999999999488e+01
1.678000000000000114e+01 5.379999999999999893e+00 8.800000000000000044e-01 7.099999999999999645e-01 9.399999999999999467e-01 3.770000000000000018e+00 8.393000000000000682e+01 1.620000000000000107e+00 9.245000000000000284e+01
1.667999999999999972e+01 5.259999999999999787e+00 8.800000000000000044e-01 7.099999999999999645e-01 9.300000000000000488e-01 3.700000000000000178e+00 8.284000000000000341e+01 1.590000000000000080e+00 9.732999999999999829e+01
1.628999999999999915e+01 5.099999999999999645e+00 8.800000000000000044e-01 7.099999999999999645e-01 9.200000000000000400e-01 3.640000000000000124e+00 8.085999999999999943e+01 1.550000000000000044e+00 1.022199999999999989e+02
1.556000000000000050e+01 4.940000000000000391e+00 8.800000000000000044e-01 6.999999999999999556e-01 9.100000000000000311e-01 3.589999999999999858e+00 7.414000000000000057e+01 1.520000000000000018e+00 1.047000000000000028e+02
1.491000000000000014e+01 4.809999999999999609e+00 8.800000000000000044e-01 6.999999999999999556e-01 9.100000000000000311e-01 3.540000000000000036e+00 6.781000000000000227e+01 1.469999999999999973e+00 1.065300000000000011e+02
1.444999999999999929e+01 4.700000000000000178e+00 8.800000000000000044e-01 6.899999999999999467e-01 9.000000000000000222e-01 3.500000000000000000e+00 6.401000000000000512e+01 1.449999999999999956e+00 1.095699999999999932e+02
1.423000000000000043e+01 4.599999999999999645e+00 8.800000000000000044e-01 6.899999999999999467e-01 8.900000000000000133e-01 3.509999999999999787e+00 6.300999999999999801e+01 1.429999999999999938e+00 1.094699999999999989e+02
1.431000000000000050e+01 4.540000000000000036e+00 8.699999999999999956e-01 6.800000000000000488e-01 8.800000000000000044e-01 3.479999999999999982e+00 6.192999999999999972e+01 1.409999999999999920e+00 1.120499999999999972e+02
1.456000000000000050e+01 4.490000000000000213e+00 8.699999999999999956e-01 6.800000000000000488e-01 8.699999999999999956e-01 3.450000000000000178e+00 6.346000000000000085e+01 1.399999999999999911e+00 1.162699999999999960e+02
1.489000000000000057e+01 4.459999999999999964e+00 8.699999999999999956e-01 6.700000000000000400e-01 8.699999999999999956e-01 3.430000000000000160e+00 6.460999999999999943e+01 1.389999999999999902e+00 1.208299999999999983e+02
1.510999999999999943e+01 4.410000000000000142e+00 8.599999999999999867e-01 6.700000000000000400e-01 8.699999999999999956e-01 3.370000000000000107e+00 6.482999999999999829e+01 1.379999999999999893e+00 1.227199999999999989e+02
1.518999999999999950e+01 4.349999999999999645e+00 8.599999999999999867e-01 6.700000000000000400e-01 8.599999999999999867e-01 3.319999999999999840e+00 6.367999999999999972e+01 1.360000000000000098e+00 1.175999999999999943e+02
1.515000000000000036e+01 4.299999999999999822e+00 8.599999999999999867e-01 6.600000000000000311e-01 8.499999999999999778e-01 3.250000000000000000e+00 6.096999999999999886e+01 1.350000000000000089e+00 1.094200000000000017e+02
1.510999999999999943e+01 4.259999999999999787e+00 8.499999999999999778e-01 6.600000000000000311e-01 8.499999999999999778e-01 3.180000000000000160e+00 5.717000000000000171e+01 1.350000000000000089e+00 1.036500000000000057e+02
1.508000000000000007e+01 4.209999999999999964e+00 8.499999999999999778e-01 6.600000000000000311e-01 8.499999999999999778e-01 3.120000000000000107e+00 5.532999999999999829e+01 1.350000000000000089e+00 9.793999999999999773e+01
1.523000000000000043e+01 4.160000000000000142e+00 8.499999999999999778e-01 6.600000000000000311e-01 8.399999999999999689e-01 3.049999999999999822e+00 5.374000000000000199e+01 1.360000000000000098e+00 9.637999999999999545e+01
1.548000000000000043e+01 4.110000000000000320e+00 8.499999999999999778e-01 6.500000000000000222e-01 8.299999999999999600e-01 2.979999999999999982e+00 5.396999999999999886e+01 1.360000000000000098e+00 9.690999999999999659e+01
1.568999999999999950e+01 4.080000000000000071e+00 8.399999999999999689e-01 6.500000000000000222e-01 8.199999999999999512e-01 2.930000000000000160e+00 5.578999999999999915e+01 1.370000000000000107e+00 9.864000000000000057e+01
1.585999999999999943e+01 4.040000000000000036e+00 8.399999999999999689e-01 6.500000000000000222e-01 8.100000000000000533e-01 2.879999999999999893e+00 5.861999999999999744e+01 1.379999999999999893e+00 1.032300000000000040e+02
1.565000000000000036e+01 4.000000000000000000e+00 8.399999999999999689e-01 6.400000000000000133e-01 8.100000000000000533e-01 2.830000000000000071e+00 6.129999999999999716e+01 1.399999999999999911e+00 1.069399999999999977e+02
1.528999999999999915e+01 3.950000000000000178e+00 8.399999999999999689e-01 6.400000000000000133e-01 8.000000000000000444e-01 2.770000000000000018e+00 6.282000000000000028e+01 1.409999999999999920e+00 1.119399999999999977e+02
1.488000000000000078e+01 3.899999999999999911e+00 8.399999999999999689e-01 6.400000000000000133e-01 8.000000000000000444e-01 2.700000000000000178e+00 6.476999999999999602e+01 1.419999999999999929e+00 1.144599999999999937e+02
1.440000000000000036e+01 3.839999999999999858e+00 8.299999999999999600e-01 6.400000000000000133e-01 7.900000000000000355e-01 2.640000000000000124e+00 6.612000000000000455e+01 1.419999999999999929e+00 1.112999999999999972e+02
1.400999999999999979e+01 3.779999999999999805e+00 8.299999999999999600e-01 6.400000000000000133e-01 7.800000000000000266e-01 2.589999999999999858e+00 6.820000000000000284e+01 1.409999999999999920e+00 1.080600000000000023e+02
1.375999999999999979e+01 3.720000000000000195e+00 8.299999999999999600e-01 6.400000000000000133e-01 7.800000000000000266e-01 2.549999999999999822e+00 6.929999999999999716e+01 1.399999999999999911e+00 1.084099999999999966e+02
1.375999999999999979e+01 3.669999999999999929e+00 8.299999999999999600e-01 6.400000000000000133e-01 7.700000000000000178e-01 2.500000000000000000e+00 7.054999999999999716e+01 1.399999999999999911e+00 1.082300000000000040e+02
1.403999999999999915e+01 3.620000000000000107e+00 8.199999999999999512e-01 6.300000000000000044e-01 7.600000000000000089e-01 2.479999999999999982e+00 7.340999999999999659e+01 1.399999999999999911e+00 1.065199999999999960e+02
1.436999999999999922e+01 3.580000000000000071e+00 8.199999999999999512e-01 6.300000000000000044e-01 7.500000000000000000e-01 2.470000000000000195e+00 7.756000000000000227e+01 1.389999999999999902e+00 1.041700000000000017e+02
1.480000000000000071e+01 3.540000000000000036e+00 8.199999999999999512e-01 6.300000000000000044e-01 7.299999999999999822e-01 2.419999999999999929e+00 8.092000000000000171e+01 1.399999999999999911e+00 1.006899999999999977e+02
1.517999999999999972e+01 3.500000000000000000e+00 8.199999999999999512e-01 6.300000000000000044e-01 7.099999999999999645e-01 2.370000000000000107e+00 7.998999999999999488e+01 1.389999999999999902e+00 9.570999999999999375e+01
1.539000000000000057e+01 3.459999999999999964e+00 8.199999999999999512e-01 6.300000000000000044e-01 6.899999999999999467e-01 2.339999999999999858e+00 7.887999999999999545e+01 1.389999999999999902e+00 9.454999999999999716e+01
1.555000000000000071e+01 3.410000000000000142e+00 8.199999999999999512e-01 6.300000000000000044e-01 6.800000000000000488e-01 2.310000000000000053e+00 7.754000000000000625e+01 1.389999999999999902e+00 9.557999999999999829e+01
1.558000000000000007e+01 3.370000000000000107e+00 8.199999999999999512e-01 6.300000000000000044e-01 6.700000000000000400e-01 2.310000000000000053e+00 7.515999999999999659e+01 1.399999999999999911e+00 9.603000000000000114e+01
1.553999999999999915e+01 3.319999999999999840e+00 8.199999999999999512e-01 6.400000000000000133e-01 6.600000000000000311e-01 2.299999999999999822e+00 6.954999999999999716e+01 1.399999999999999911e+00 9.270000000000000284e+01
1.552999999999999936e+01 3.259999999999999787e+00 8.199999999999999512e-01 6.400000000000000133e-01 6.500000000000000222e-01 2.299999999999999822e+00 6.498999999999999488e+01 1.399999999999999911e+00 9.332999999999999829e+01
1.552999999999999936e+01 3.209999999999999964e+00 8.199999999999999512e-01 6.400000000000000133e-01 6.500000000000000222e-01 2.310000000000000053e+00 6.165999999999999659e+01 1.399999999999999911e+00 9.596999999999999886e+01
1.561999999999999922e+01 3.169999999999999929e+00 8.199999999999999512e-01 6.400000000000000133e-01 6.400000000000000133e-01 2.319999999999999840e+00 6.054999999999999716e+01 1.399999999999999911e+00 1.023400000000000034e+02
1.574000000000000021e+01 3.129999999999999893e+00 8.199999999999999512e-01 6.400000000000000133e-01 6.300000000000000044e-01 2.299999999999999822e+00 5.950000000000000000e+01 1.399999999999999911e+00 1.062999999999999972e+02
1.577999999999999936e+01 3.089999999999999858e+00 8.199999999999999512e-01 6.400000000000000133e-01 6.199999999999999956e-01 2.299999999999999822e+00 5.909000000000000341e+01 1.409999999999999920e+00 1.118700000000000045e+02
1.569999999999999929e+01 3.049999999999999822e+00 8.199999999999999512e-01 6.400000000000000133e-01 6.099999999999999867e-01 2.290000000000000036e+00 5.752000000000000313e+01 1.419999999999999929e+00 1.172999999999999972e+02
1.552999999999999936e+01 3.020000000000000018e+00 8.199999999999999512e-01 6.300000000000000044e-01 6.099999999999999867e-01 2.259999999999999787e+00 5.559000000000000341e+01 1.429999999999999938e+00 1.204699999999999989e+02
1.530000000000000071e+01 2.990000000000000213e+00 8.100000000000000533e-01 6.300000000000000044e-01 5.999999999999999778e-01 2.250000000000000000e+00 5.384000000000000341e+01 1.449999999999999956e+00 1.189699999999999989e+02
1.514000000000000057e+01 2.970000000000000195e+00 8.100000000000000533e-01 6.300000000000000044e-01 5.999999999999999778e-01 2.209999999999999964e+00 5.292999999999999972e+01 1.479999999999999982e+00 1.179800000000000040e+02
1.515000000000000036e+01 2.950000000000000178e+00 8.100000000000000533e-01 6.300000000000000044e-01 5.999999999999999778e-01 2.189999999999999947e+00 5.271999999999999886e+01 1.500000000000000000e+00 1.181700000000000017e+02
1.539000000000000057e+01 2.939999999999999947e+00 8.100000000000000533e-01 6.199999999999999956e-01 5.999999999999999778e-01 2.180000000000000160e+00 5.225999999999999801e+01 1.520000000000000018e+00 1.212000000000000028e+02
1.573000000000000043e+01 2.919999999999999929e+00 8.100000000000000533e-01 6.199999999999999956e-01 5.999999999999999778e-01 2.180000000000000160e+00 5.257000000000000028e+01 1.540000000000000036e+00 1.297400000000000091e+02
1.601000000000000156e+01 2.899999999999999911e+00 8.100000000000000533e-01 6.199999999999999956e-01 5.999999999999999778e-01 2.189999999999999947e+00 5.267000000000000171e+01 1.550000000000000044e+00 1.317299999999999898e+02
1.612999999999999901e+01 2.879999999999999893e+00 8.100000000000000533e-01 6.199999999999999956e-01 5.999999999999999778e-01 2.200000000000000178e+00 5.271999999999999886e+01 1.550000000000000044e+00 1.274699999999999989e+02
1.635000000000000142e+01 2.870000000000000107e+00 8.100000000000000533e-01 6.199999999999999956e-01 6.099999999999999867e-01 2.220000000000000195e+00 5.135999999999999943e+01 1.550000000000000044e+00 1.221200000000000045e+02
1.648000000000000043e+01 2.839999999999999858e+00 8.100000000000000533e-01 6.199999999999999956e-01 6.199999999999999956e-01 2.240000000000000213e+00 5.060000000000000142e+01 1.540000000000000036e+00 1.201899999999999977e+02
1.678999999999999915e+01 2.819999999999999840e+00 8.100000000000000533e-01 6.199999999999999956e-01 6.199999999999999956e-01 2.279999999999999805e+00 5.025999999999999801e+01 1.510000000000000009e+00 1.178799999999999955e+02
1.705999999999999872e+01 2.790000000000000036e+00 8.100000000000000533e-01 6.199999999999999956e-01 6.300000000000000044e-01 2.319999999999999840e+00 5.089000000000000057e+01 1.479999999999999982e+00 1.125999999999999943e+02
1.723999999999999844e+01 2.759999999999999787e+00 8.100000000000000533e-01 6.199999999999999956e-01 6.300000000000000044e-01 2.359999999999999876e+00 5.106000000000000227e+01 1.479999999999999982e+00 1.094500000000000028e+02
1.730000000000000071e+01 2.740000000000000213e+00 8.100000000000000533e-01 6.199999999999999956e-01 6.400000000000000133e-01 2.390000000000000124e+00 5.189000000000000057e+01 1.459999999999999964e+00 1.094599999999999937e+02
1.714999999999999858e+01 2.709999999999999964e+00 8.100000000000000533e-01 6.199999999999999956e-01 6.300000000000000044e-01 2.439999999999999947e+00 5.264000000000000057e+01 1.439999999999999947e+00 1.070600000000000023e+02
1.685999999999999943e+01 2.689999999999999947e+00 8.100000000000000533e-01 6.199999999999999956e-01 6.300000000000000044e-01 2.479999999999999982e+00 5.459000000000000341e+01 1.419999999999999929e+00 1.059599999999999937e+02
1.648999999999999844e+01 2.669999999999999929e+00 8.100000000000000533e-01 6.199999999999999956e-01 6.300000000000000044e-01 2.509999999999999787e+00 5.792000000000000171e+01 1.399999999999999911e+00 1.073299999999999983e+02
1.597000000000000064e+01 2.640000000000000124e+00 8.199999999999999512e-01 6.300000000000000044e-01 6.400000000000000133e-01 2.540000000000000036e+00 6.138000000000000256e+01 1.379999999999999893e+00 1.048299999999999983e+02
1.552999999999999936e+01 2.620000000000000107e+00 8.199999999999999512e-01 6.300000000000000044e-01 6.400000000000000133e-01 2.560000000000000053e+00 6.347999999999999687e+01 1.379999999999999893e+00 1.006700000000000017e+02
1.514000000000000057e+01 2.600000000000000089e+00 8.199999999999999512e-01 6.300000000000000044e-01 6.400000000000000133e-01 2.580000000000000071e+00 6.773000000000000398e+01 1.379999999999999893e+00 9.320999999999999375e+01
1.497000000000000064e+01 2.589999999999999858e+00 8.199999999999999512e-01 6.300000000000000044e-01 6.400000000000000133e-01 2.600000000000000089e+00 7.651999999999999602e+01 1.399999999999999911e+00 8.704999999999999716e+01
1.491000000000000014e+01 2.580000000000000071e+00 8.199999999999999512e-01 6.400000000000000133e-01 6.400000000000000133e-01 2.649999999999999911e+00 8.828000000000000114e+01 1.409999999999999920e+00 8.318000000000000682e+01
1.486999999999999922e+01 2.569999999999999840e+00 8.199999999999999512e-01 6.400000000000000133e-01 6.400000000000000133e-01 2.720000000000000195e+00 1.016899999999999977e+02 1.419999999999999929e+00 7.968999999999999773e+01
1.476999999999999957e+01 2.569999999999999840e+00 8.299999999999999600e-01 6.400000000000000133e-01 6.400000000000000133e-01 2.799999999999999822e+00 1.090499999999999972e+02 1.429999999999999938e+00 7.384999999999999432e+01
1.449000000000000021e+01 2.560000000000000053e+00 8.299999999999999600e-01 6.400000000000000133e-01 6.400000000000000133e-01 2.850000000000000089e+00 1.097800000000000011e+02 1.439999999999999947e+00 6.901999999999999602e+01
1.418999999999999950e+01 2.560000000000000053e+00 8.199999999999999512e-01 6.500000000000000222e-01 6.400000000000000133e-01 2.890000000000000124e+00 1.009899999999999949e+02 1.439999999999999947e+00 6.346999999999999886e+01
1.402999999999999936e+01 2.549999999999999822e+00 8.199999999999999512e-01 6.500000000000000222e-01 6.500000000000000222e-01 2.939999999999999947e+00 9.439000000000000057e+01 1.429999999999999938e+00 5.932999999999999829e+01
1.419999999999999929e+01 2.560000000000000053e+00 8.199999999999999512e-01 6.500000000000000222e-01 6.500000000000000222e-01 2.979999999999999982e+00 9.293000000000000682e+01 1.429999999999999938e+00 5.671000000000000085e+01
1.451999999999999957e+01 2.560000000000000053e+00 8.199999999999999512e-01 6.500000000000000222e-01 6.500000000000000222e-01 3.000000000000000000e+00 9.192000000000000171e+01 1.409999999999999920e+00 5.585999999999999943e+01
1.508000000000000007e+01 2.560000000000000053e+00 8.199999999999999512e-01 6.500000000000000222e-01 6.500000000000000222e-01 3.029999999999999805e+00 9.010999999999999943e+01 1.399999999999999911e+00 5.567999999999999972e+01
1.576999999999999957e+01 2.560000000000000053e+00 8.199999999999999512e-01 6.500000000000000222e-01 6.500000000000000222e-01 3.060000000000000053e+00 9.254999999999999716e+01 1.389999999999999902e+00 5.606000000000000227e+01
1.621999999999999886e+01 2.560000000000000053e+00 8.199999999999999512e-01 6.500000000000000222e-01 6.600000000000000311e-01 3.080000000000000071e+00 9.585999999999999943e+01 1.399999999999999911e+00 5.649000000000000199e+01
1.621999999999999886e+01 2.560000000000000053e+00 8.199999999999999512e-01 6.500000000000000222e-01 6.700000000000000400e-01 3.109999999999999876e+00 9.596999999999999886e+01 1.409999999999999920e+00 5.703000000000000114e+01
1.569999999999999929e+01 2.560000000000000053e+00 8.199999999999999512e-01 6.500000000000000222e-01 6.700000000000000400e-01 3.180000000000000160e+00 9.029000000000000625e+01 1.429999999999999938e+00 5.764999999999999858e+01
1.503999999999999915e+01 2.560000000000000053e+00 8.100000000000000533e-01 6.500000000000000222e-01 6.700000000000000400e-01 3.240000000000000213e+00 8.746999999999999886e+01 1.459999999999999964e+00 5.828000000000000114e+01
1.448000000000000043e+01 2.549999999999999822e+00 8.100000000000000533e-01 6.500000000000000222e-01 6.700000000000000400e-01 3.330000000000000071e+00 8.468000000000000682e+01 1.489999999999999991e+00 5.947999999999999687e+01
1.422000000000000064e+01 2.540000000000000036e+00 8.000000000000000444e-01 6.500000000000000222e-01 6.700000000000000400e-01 3.430000000000000160e+00 8.598999999999999488e+01 1.520000000000000018e+00 6.103999999999999915e+01
1.419999999999999929e+01 2.540000000000000036e+00 8.000000000000000444e-01 6.500000000000000222e-01 6.700000000000000400e-01 3.540000000000000036e+00 9.229999999999999716e+01 1.540000000000000036e+00 6.307000000000000028e+01
1.421000000000000085e+01 2.529999999999999805e+00 7.900000000000000355e-01 6.500000000000000222e-01 6.700000000000000400e-01 3.549999999999999822e+00 1.009500000000000028e+02 1.560000000000000053e+00 6.399000000000000199e+01
1.425999999999999979e+01 2.520000000000000018e+00 7.900000000000000355e-01 6.500000000000000222e-01 6.700000000000000400e-01 3.549999999999999822e+00 1.082000000000000028e+02 1.590000000000000080e+00 6.484000000000000341e+01
1.430000000000000071e+01 2.509999999999999787e+00 7.800000000000000266e-01 6.500000000000000222e-01 6.800000000000000488e-01 3.609999999999999876e+00 1.073499999999999943e+02 1.610000000000000098e+00 6.587999999999999545e+01
1.417999999999999972e+01 2.490000000000000213e+00 7.800000000000000266e-01 6.500000000000000222e-01 6.800000000000000488e-01 3.689999999999999947e+00 1.010300000000000011e+02 1.649999999999999911e+00 6.732999999999999829e+01
1.411999999999999922e+01 2.479999999999999982e+00 7.700000000000000178e-01 6.500000000000000222e-01 6.700000000000000400e-01 3.720000000000000195e+00 9.631000000000000227e+01 1.719999999999999973e+00 6.742000000000000171e+01
1.421000000000000085e+01 2.470000000000000195e+00 7.700000000000000178e-01 6.500000000000000222e-01 6.700000000000000400e-01 3.720000000000000195e+00 9.651999999999999602e+01 1.780000000000000027e+00 6.587000000000000455e+01
1.450000000000000000e+01 2.459999999999999964e+00 7.600000000000000089e-01 6.500000000000000222e-01 6.700000000000000400e-01 3.740000000000000213e+00 9.815000000000000568e+01 1.790000000000000036e+00 6.431999999999999318e+01
1.483000000000000007e+01 2.459999999999999964e+00 7.600000000000000089e-01 6.500000000000000222e-01 6.700000000000000400e-01 3.750000000000000000e+00 1.005799999999999983e+02 1.800000000000000044e+00 6.346999999999999886e+01
1.511999999999999922e+01 2.459999999999999964e+00 7.600000000000000089e-01 6.500000000000000222e-01 6.700000000000000400e-01 3.790000000000000036e+00 1.021700000000000017e+02 1.830000000000000071e+00 6.353999999999999915e+01
1.541000000000000014e+01 2.450000000000000178e+00 7.500000000000000000e-01 6.500000000000000222e-01 6.700000000000000400e-01 3.859999999999999876e+00 1.055799999999999983e+02 1.879999999999999893e+00 6.360000000000000142e+01
1.539000000000000057e+01 2.450000000000000178e+00 7.500000000000000000e-01 6.400000000000000133e-01 6.700000000000000400e-01 3.919999999999999929e+00 1.038799999999999955e+02 1.919999999999999929e+00 6.448999999999999488e+01
1.517999999999999972e+01 2.439999999999999947e+00 7.500000000000000000e-01 6.400000000000000133e-01 6.700000000000000400e-01 3.959999999999999964e+00 9.359999999999999432e+01 1.939999999999999947e+00 6.485999999999999943e+01
1.511999999999999922e+01 2.439999999999999947e+00 7.399999999999999911e-01 6.400000000000000133e-01 6.700000000000000400e-01 4.030000000000000249e+00 8.834000000000000341e+01 1.949999999999999956e+00 6.359000000000000341e+01
1.525999999999999979e+01 2.439999999999999947e+00 7.399999999999999911e-01 6.400000000000000133e-01 6.700000000000000400e-01 4.040000000000000036e+00 8.465999999999999659e+01 1.939999999999999947e+00 6.106000000000000227e+01
1.559999999999999964e+01 2.439999999999999947e+00 7.299999999999999822e-01 6.400000000000000133e-01 6.600000000000000311e-01 4.059999999999999609e+00 8.265999999999999659e+01 1.929999999999999938e+00 5.904999999999999716e+01
1.610000000000000142e+01 2.439999999999999947e+00 7.299999999999999822e-01 6.500000000000000222e-01 6.600000000000000311e-01 4.089999999999999858e+00 8.529000000000000625e+01 1.929999999999999938e+00 5.760000000000000142e+01
1.651000000000000156e+01 2.439999999999999947e+00 7.299999999999999822e-01 6.500000000000000222e-01 6.600000000000000311e-01 4.139999999999999680e+00 9.170999999999999375e+01 1.929999999999999938e+00 5.652000000000000313e+01
1.660999999999999943e+01 2.439999999999999947e+00 7.299999999999999822e-01 6.500000000000000222e-01 6.500000000000000222e-01 4.139999999999999680e+00 9.557999999999999829e+01 1.909999999999999920e+00 5.563000000000000256e+01
1.619000000000000128e+01 2.439999999999999947e+00 7.199999999999999734e-01 6.500000000000000222e-01 6.400000000000000133e-01 4.110000000000000320e+00 9.637000000000000455e+01 1.879999999999999893e+00 5.521999999999999886e+01
1.535999999999999943e+01 2.419999999999999929e+00 7.199999999999999734e-01 6.500000000000000222e-01 6.400000000000000133e-01 4.019999999999999574e+00 9.570000000000000284e+01 1.860000000000000098e+00 5.549000000000000199e+01
1.449000000000000021e+01 2.410000000000000142e+00 7.199999999999999734e-01 6.500000000000000222e-01 6.300000000000000044e-01 3.970000000000000195e+00 9.603000000000000114e+01 1.820000000000000062e+00 5.593999999999999773e+01
1.391000000000000014e+01 2.410000000000000142e+00 7.099999999999999645e-01 6.500000000000000222e-01 6.300000000000000044e-01 3.979999999999999982e+00 9.782999999999999829e+01 1.770000000000000018e+00 5.732000000000000028e+01
