1.000000000000000000e+01
9.700001716613769531e+00
9.405086517333984375e+00
9.129607200622558594e+00
8.886393547058105469e+00
8.697638511657714844e+00
8.592218399047851562e+00
8.557111740112304688e+00
8.567025184631347656e+00
8.596432685852050781e+00
8.627403259277343750e+00
8.646445274353027344e+00
8.656776428222656250e+00
8.663930892944335938e+00
8.672022819519042969e+00
8.679689407348632812e+00
8.694232940673828125e+00
8.705959320068359375e+00
8.707512855529785156e+00
8.694684028625488281e+00
8.662396430969238281e+00
8.616078376770019531e+00
8.560479164123535156e+00
8.506519317626953125e+00
8.464091300964355469e+00
8.430781364440917969e+00
8.403646469116210938e+00
8.375280380249023438e+00
8.350419044494628906e+00
8.317909240722656250e+00
8.284011840820312500e+00
8.254893302917480469e+00
8.237444877624511719e+00
8.248816490173339844e+00
8.285917282104492188e+00
8.333020210266113281e+00
8.378921508789062500e+00
8.415170669555664062e+00
8.436280250549316406e+00
8.442611694335937500e+00
8.439254760742187500e+00
8.431992530822753906e+00
8.426178932189941406e+00
8.428027153015136719e+00
8.437880516052246094e+00
8.448952674865722656e+00
8.455804824829101562e+00
8.449282646179199219e+00
8.426006317138671875e+00
8.385929107666015625e+00
8.338221549987792969e+00
8.275482177734375000e+00
8.207075119018554688e+00
8.151849746704101562e+00
8.114537239074707031e+00
8.104256629943847656e+00
8.116020202636718750e+00
8.137905120849609375e+00
8.167180061340332031e+00
8.184511184692382812e+00
8.191426277160644531e+00
8.184563636779785156e+00
8.176433563232421875e+00
8.183773994445800781e+00
8.195575714111328125e+00
8.199187278747558594e+00
8.195137023925781250e+00
8.175096511840820312e+00
8.144499778747558594e+00
8.126140594482421875e+00
8.134807586669921875e+00
8.170754432678222656e+00
8.224484443664550781e+00
8.254658699035644531e+00
8.250058174133300781e+00
8.220478057861328125e+00
8.194442749023437500e+00
8.183519363403320312e+00
8.191881179809570312e+00
8.212773323059082031e+00
8.243642807006835938e+00
8.270267486572265625e+00
8.283594131469726562e+00
8.272055625915527344e+00
8.233976364135742188e+00
8.172312736511230469e+00
8.111698150634765625e+00
8.071195602416992188e+00
8.060657501220703125e+00
8.082544326782226562e+00
8.117262840270996094e+00
8.153334617614746094e+00
8.175319671630859375e+00
8.168405532836914062e+00
8.133945465087890625e+00
8.099125862121582031e+00
8.087062835693359375e+00
8.106496810913085938e+00
8.144741058349609375e+00
8.188276290893554688e+00
8.211209297180175781e+00
8.207342147827148438e+00
8.175066947937011719e+00
8.111426353454589844e+00
8.054044723510742188e+00
8.018160820007324219e+00
8.014460563659667969e+00
8.045531272888183594e+00
8.095985412597656250e+00
8.145434379577636719e+00
8.178010940551757812e+00
8.180790901184082031e+00
8.167575836181640625e+00
8.159993171691894531e+00
8.153069496154785156e+00
8.172510147094726562e+00
8.204453468322753906e+00
8.238874435424804688e+00
8.269621849060058594e+00
8.269789695739746094e+00
8.247924804687500000e+00
8.211297035217285156e+00
8.159115791320800781e+00
8.108171463012695312e+00
8.068110466003417969e+00
8.053941726684570312e+00
8.076786994934082031e+00
8.102936744689941406e+00
8.138037681579589844e+00
8.164662361145019531e+00
8.182388305664062500e+00
8.187644004821777344e+00
8.181510925292968750e+00
8.171976089477539062e+00
8.169184684753417969e+00
8.175618171691894531e+00
8.188149452209472656e+00
8.202585220336914062e+00
8.207795143127441406e+00
8.197345733642578125e+00
8.173561096191406250e+00
8.131741523742675781e+00
8.098405838012695312e+00
8.078298568725585938e+00
8.079164505004882812e+00
8.088887214660644531e+00
8.091373443603515625e+00
8.078434944152832031e+00
8.076775550842285156e+00
8.071887969970703125e+00
8.085381507873535156e+00
8.109601020812988281e+00
8.136412620544433594e+00
8.154657363891601562e+00
8.165053367614746094e+00
8.171970367431640625e+00
8.174195289611816406e+00
8.165000915527343750e+00
8.161046028137207031e+00
8.158729553222656250e+00
8.175602912902832031e+00
8.200330734252929688e+00
8.212871551513671875e+00
8.201285362243652344e+00
8.153614997863769531e+00
8.091823577880859375e+00
8.056917190551757812e+00
8.072062492370605469e+00
8.113810539245605469e+00
8.184296607971191406e+00
8.269216537475585938e+00
8.326044082641601562e+00
8.331463813781738281e+00
8.290743827819824219e+00
8.231322288513183594e+00
8.185313224792480469e+00
8.166701316833496094e+00
8.171021461486816406e+00
8.181777000427246094e+00
8.198677062988281250e+00
8.196973800659179688e+00
8.167618751525878906e+00
8.132161140441894531e+00
8.112784385681152344e+00
8.119808197021484375e+00
8.135815620422363281e+00
8.146892547607421875e+00
8.155810356140136719e+00
8.135812759399414062e+00
8.112233161926269531e+00
8.103485107421875000e+00
8.124151229858398438e+00
8.167572021484375000e+00
8.229017257690429688e+00
8.287817955017089844e+00
8.322644233703613281e+00
8.309694290161132812e+00
8.256386756896972656e+00
8.184639930725097656e+00
8.135795593261718750e+00
