-1.108163528442382812e+02
-1.105163574218750000e+02
-1.102162704467773438e+02
-1.099157943725585938e+02
-1.096141815185546875e+02
-1.093115081787109375e+02
-1.090073547363281250e+02
-1.087020492553710938e+02
-1.083962402343750000e+02
-1.080899658203125000e+02
-1.077843627929687500e+02
-1.074807510375976562e+02
-1.071791381835937500e+02
-1.068787994384765625e+02
-1.065794143676757812e+02
-1.062825927734375000e+02
-1.059856414794921875e+02
-1.056908721923828125e+02
-1.053976516723632812e+02
-1.051055603027343750e+02
-1.048170623779296875e+02
-1.045306930541992188e+02
-1.042464370727539062e+02
-1.039636688232421875e+02
-1.036816406250000000e+02
-1.034018783569335938e+02
-1.031250000000000000e+02
-1.028511810302734375e+02
-1.025785217285156250e+02
-1.023100433349609375e+02
-1.020444946289062500e+02
-1.017817916870117188e+02
-1.015225448608398438e+02
-1.012655181884765625e+02
-1.010092468261718750e+02
-1.007565002441406250e+02
-1.005078353881835938e+02
-1.002621231079101562e+02
-1.000197601318359375e+02
-9.978133392333984375e+01
-9.954414367675781250e+01
-9.930870056152343750e+01
-9.907786560058593750e+01
-9.884898376464843750e+01
-9.862295532226562500e+01
-9.840045928955078125e+01
-9.818383789062500000e+01
-9.797143554687500000e+01
-9.776209259033203125e+01
-9.755644226074218750e+01
-9.735430908203125000e+01
-9.715858459472656250e+01
-9.697166442871093750e+01
-9.678506469726562500e+01
-9.660298156738281250e+01
-9.642208862304687500e+01
-9.624812316894531250e+01
-9.607958221435546875e+01
-9.591409301757812500e+01
-9.575161743164062500e+01
-9.559270477294921875e+01
-9.543885040283203125e+01
-9.528704071044921875e+01
-9.513825988769531250e+01
-9.499259185791015625e+01
-9.485109710693359375e+01
-9.471478271484375000e+01
-9.458445739746093750e+01
-9.445448303222656250e+01
-9.432972717285156250e+01
-9.421055603027343750e+01
-9.409779357910156250e+01
-9.398770141601562500e+01
-9.388414001464843750e+01
-9.378652191162109375e+01
-9.369276428222656250e+01
-9.360373687744140625e+01
-9.351348876953125000e+01
-9.342766571044921875e+01
-9.334705352783203125e+01
-9.326616668701171875e+01
-9.319116210937500000e+01
-9.312047576904296875e+01
-9.305066680908203125e+01
-9.298429107666015625e+01
-9.291936492919921875e+01
-9.285356903076171875e+01
-9.279198455810546875e+01
-9.272996520996093750e+01
-9.267004394531250000e+01
-9.261135864257812500e+01
-9.255374908447265625e+01
-9.250372314453125000e+01
-9.245941925048828125e+01
-9.241999816894531250e+01
-9.238123321533203125e+01
-9.234578704833984375e+01
-9.231221008300781250e+01
-9.228480529785156250e+01
-9.225997924804687500e+01
-9.223346710205078125e+01
-9.221135711669921875e+01
-9.218924713134765625e+01
-9.216660308837890625e+01
-9.214926910400390625e+01
-9.213713073730468750e+01
-9.211834716796875000e+01
-9.210015869140625000e+01
-9.208310699462890625e+01
-9.206718444824218750e+01
-9.204982757568359375e+01
-9.203461456298828125e+01
-9.201819610595703125e+01
-9.200527191162109375e+01
-9.199369812011718750e+01
-9.198222351074218750e+01
-9.197035980224609375e+01
-9.196635437011718750e+01
-9.196730041503906250e+01
-9.196074676513671875e+01
-9.195457458496093750e+01
-9.194732666015625000e+01
-9.193617248535156250e+01
-9.192631530761718750e+01
-9.192269134521484375e+01
-9.191483306884765625e+01
-9.190364837646484375e+01
-9.189192199707031250e+01
-9.187912750244140625e+01
-9.186781311035156250e+01
-9.186443328857421875e+01
-9.186144256591796875e+01
-9.186016082763671875e+01
-9.185999298095703125e+01
-9.186469268798828125e+01
-9.186779022216796875e+01
-9.187403106689453125e+01
-9.187651062011718750e+01
-9.187624359130859375e+01
-9.187503814697265625e+01
-9.186923217773437500e+01
-9.186446380615234375e+01
-9.186334991455078125e+01
-9.186732482910156250e+01
-9.186994934082031250e+01
-9.187516784667968750e+01
-9.188213348388671875e+01
-9.188938140869140625e+01
-9.189142608642578125e+01
-9.190198516845703125e+01
-9.190980529785156250e+01
-9.192121124267578125e+01
-9.193756866455078125e+01
-9.195409393310546875e+01
-9.196377563476562500e+01
-9.197123718261718750e+01
-9.197597503662109375e+01
-9.197422790527343750e+01
-9.196942138671875000e+01
-9.196332550048828125e+01
-9.195359802246093750e+01
-9.194217681884765625e+01
-9.193161773681640625e+01
-9.191984558105468750e+01
-9.190794372558593750e+01
-9.189157867431640625e+01
-9.188535308837890625e+01
-9.188014984130859375e+01
-9.186859893798828125e+01
-9.185710144042968750e+01
-9.184740447998046875e+01
-9.183653259277343750e+01
-9.182475280761718750e+01
-9.180825042724609375e+01
-9.178879547119140625e+01
-9.177117919921875000e+01
-9.175411987304687500e+01
-9.173870849609375000e+01
-9.172318267822265625e+01
-9.171690368652343750e+01
-9.171163940429687500e+01
-9.171063232421875000e+01
-9.170687866210937500e+01
-9.170281982421875000e+01
-9.169815826416015625e+01
-9.169789886474609375e+01
-9.170415496826171875e+01
-9.171384429931640625e+01
-9.172374725341796875e+01
-9.174182891845703125e+01
-9.175469207763671875e+01
-9.176087188720703125e+01
-9.176419067382812500e+01
-9.176765441894531250e+01
-9.177171325683593750e+01
-9.177192687988281250e+01
-9.177313232421875000e+01
-9.177104949951171875e+01
-9.177182769775390625e+01
-9.177330780029296875e+01
