3.392999999999999972e+01 2.089000000000000057e+01 2.421999999999999886e+01 2.421999999999999886e+01 2.016000000000000014e+01 4.414000000000000057e+01 1.860000000000000142e+01 3.067000000000000171e+01 4.797999999999999687e+01
2.512999999999999901e+01 1.548000000000000043e+01 1.794999999999999929e+01 1.794999999999999929e+01 1.492999999999999972e+01 3.270000000000000284e+01 2.510999999999999943e+01 2.271999999999999886e+01 3.554999999999999716e+01
1.942000000000000171e+01 1.158999999999999986e+01 1.391000000000000014e+01 1.453999999999999915e+01 1.109999999999999964e+01 2.737999999999999901e+01 3.278999999999999915e+01 1.719999999999999929e+01 3.431000000000000227e+01
1.541000000000000014e+01 9.179999999999999716e+00 1.126999999999999957e+01 1.209999999999999964e+01 8.630000000000000782e+00 2.835000000000000142e+01 4.345000000000000284e+01 1.375999999999999979e+01 3.921999999999999886e+01
1.277999999999999936e+01 7.660000000000000142e+00 9.529999999999999361e+00 9.720000000000000639e+00 6.809999999999999609e+00 2.921999999999999886e+01 5.772999999999999687e+01 1.214000000000000057e+01 4.606000000000000227e+01
1.096000000000000085e+01 6.650000000000000355e+00 8.230000000000000426e+00 8.000000000000000000e+00 5.469999999999999751e+00 3.227000000000000313e+01 7.545999999999999375e+01 1.148000000000000043e+01 5.696000000000000085e+01
9.730000000000000426e+00 5.929999999999999716e+00 7.240000000000000213e+00 6.799999999999999822e+00 4.450000000000000178e+00 3.739000000000000057e+01 9.756999999999999318e+01 1.225000000000000000e+01 6.937999999999999545e+01
8.830000000000000071e+00 5.309999999999999609e+00 6.419999999999999929e+00 6.099999999999999645e+00 3.740000000000000213e+00 3.914000000000000057e+01 1.269099999999999966e+02 1.280000000000000071e+01 7.204000000000000625e+01
8.130000000000000782e+00 4.860000000000000320e+00 5.769999999999999574e+00 5.440000000000000391e+00 3.149999999999999911e+00 3.853999999999999915e+01 1.289399999999999977e+02 1.275000000000000000e+01 6.865000000000000568e+01
7.570000000000000284e+00 4.480000000000000426e+00 5.230000000000000426e+00 4.900000000000000355e+00 2.740000000000000213e+00 3.640999999999999659e+01 1.215600000000000023e+02 1.255000000000000071e+01 6.882999999999999829e+01
7.110000000000000320e+00 4.139999999999999680e+00 4.780000000000000249e+00 4.469999999999999751e+00 2.430000000000000160e+00 3.532000000000000028e+01 1.074099999999999966e+02 1.264000000000000057e+01 7.240000000000000568e+01
6.780000000000000249e+00 3.859999999999999876e+00 4.339999999999999858e+00 4.209999999999999964e+00 2.169999999999999929e+00 3.764999999999999858e+01 9.596999999999999886e+01 1.228999999999999915e+01 6.901999999999999602e+01
6.519999999999999574e+00 3.660000000000000142e+00 3.990000000000000213e+00 4.030000000000000249e+00 1.949999999999999956e+00 3.885000000000000142e+01 9.154000000000000625e+01 1.225000000000000000e+01 6.718999999999999773e+01
6.290000000000000036e+00 3.529999999999999805e+00 3.680000000000000160e+00 3.910000000000000142e+00 1.780000000000000027e+00 4.067000000000000171e+01 9.135999999999999943e+01 1.201999999999999957e+01 7.040000000000000568e+01
6.120000000000000107e+00 3.450000000000000178e+00 3.439999999999999947e+00 3.839999999999999858e+00 1.639999999999999902e+00 4.089999999999999858e+01 8.914000000000000057e+01 1.192999999999999972e+01 7.789000000000000057e+01
5.959999999999999964e+00 3.379999999999999893e+00 3.240000000000000213e+00 3.740000000000000213e+00 1.520000000000000018e+00 4.146999999999999886e+01 8.926999999999999602e+01 1.175999999999999979e+01 8.562000000000000455e+01
5.799999999999999822e+00 3.299999999999999822e+00 3.049999999999999822e+00 3.589999999999999858e+00 1.429999999999999938e+00 4.277000000000000313e+01 8.689000000000000057e+01 1.132000000000000028e+01 9.306999999999999318e+01
5.650000000000000355e+00 3.220000000000000195e+00 2.899999999999999911e+00 3.470000000000000195e+00 1.350000000000000089e+00 4.481000000000000227e+01 8.126999999999999602e+01 1.081000000000000050e+01 9.896999999999999886e+01
5.519999999999999574e+00 3.169999999999999929e+00 2.759999999999999787e+00 3.359999999999999876e+00 1.270000000000000018e+00 4.688000000000000256e+01 7.376000000000000512e+01 1.082000000000000028e+01 9.526999999999999602e+01
5.379999999999999893e+00 3.129999999999999893e+00 2.640000000000000124e+00 3.270000000000000018e+00 1.219999999999999973e+00 4.897999999999999687e+01 6.568000000000000682e+01 1.065000000000000036e+01 9.089000000000000057e+01
5.259999999999999787e+00 3.100000000000000089e+00 2.529999999999999805e+00 3.149999999999999911e+00 1.159999999999999920e+00 4.613000000000000256e+01 5.885000000000000142e+01 1.081000000000000050e+01 8.620999999999999375e+01
5.179999999999999716e+00 3.080000000000000071e+00 2.419999999999999929e+00 3.029999999999999805e+00 1.120000000000000107e+00 4.296000000000000085e+01 5.292000000000000171e+01 1.107000000000000028e+01 8.484999999999999432e+01
5.129999999999999893e+00 3.069999999999999840e+00 2.319999999999999840e+00 2.930000000000000160e+00 1.070000000000000062e+00 4.253999999999999915e+01 4.821000000000000085e+01 1.110999999999999943e+01 8.582999999999999829e+01
5.089999999999999858e+00 3.060000000000000053e+00 2.229999999999999982e+00 2.859999999999999876e+00 1.040000000000000036e+00 4.329999999999999716e+01 4.420000000000000284e+01 1.121000000000000085e+01 8.918000000000000682e+01
5.080000000000000071e+00 3.049999999999999822e+00 2.149999999999999911e+00 2.799999999999999822e+00 1.010000000000000009e+00 4.490999999999999659e+01 4.115999999999999659e+01 1.139000000000000057e+01 9.523999999999999488e+01
5.070000000000000284e+00 3.040000000000000036e+00 2.069999999999999840e+00 2.770000000000000018e+00 9.799999999999999822e-01 4.745000000000000284e+01 3.881000000000000227e+01 1.176999999999999957e+01 1.034500000000000028e+02
5.070000000000000284e+00 3.020000000000000018e+00 2.009999999999999787e+00 2.740000000000000213e+00 9.599999999999999645e-01 4.890999999999999659e+01 3.736999999999999744e+01 1.209999999999999964e+01 1.159000000000000057e+02
5.089999999999999858e+00 3.009999999999999787e+00 1.949999999999999956e+00 2.720000000000000195e+00 9.499999999999999556e-01 4.871000000000000085e+01 3.640999999999999659e+01 1.255000000000000071e+01 1.318700000000000045e+02
5.110000000000000320e+00 3.000000000000000000e+00 1.909999999999999920e+00 2.720000000000000195e+00 9.300000000000000488e-01 5.010000000000000142e+01 3.546999999999999886e+01 1.263000000000000078e+01 1.393899999999999864e+02
5.129999999999999893e+00 2.990000000000000213e+00 1.870000000000000107e+00 2.689999999999999947e+00 9.100000000000000311e-01 4.899000000000000199e+01 3.414000000000000057e+01 1.225999999999999979e+01 1.333499999999999943e+02
5.160000000000000142e+00 2.970000000000000195e+00 1.830000000000000071e+00 2.680000000000000160e+00 9.000000000000000222e-01 4.818999999999999773e+01 3.285999999999999943e+01 1.172000000000000064e+01 1.195199999999999960e+02
5.200000000000000178e+00 2.939999999999999947e+00 1.800000000000000044e+00 2.629999999999999893e+00 9.000000000000000222e-01 4.875999999999999801e+01 3.183999999999999986e+01 1.116000000000000014e+01 1.093499999999999943e+02
5.240000000000000213e+00 2.919999999999999929e+00 1.770000000000000018e+00 2.620000000000000107e+00 8.900000000000000133e-01 5.236999999999999744e+01 3.123000000000000043e+01 1.055000000000000071e+01 1.002300000000000040e+02
5.240000000000000213e+00 2.910000000000000142e+00 1.750000000000000000e+00 2.609999999999999876e+00 8.800000000000000044e-01 5.479999999999999716e+01 3.062999999999999901e+01 1.008000000000000007e+01 9.679999999999999716e+01
5.240000000000000213e+00 2.910000000000000142e+00 1.719999999999999973e+00 2.600000000000000089e+00 8.699999999999999956e-01 5.950999999999999801e+01 3.021999999999999886e+01 9.710000000000000853e+00 9.696999999999999886e+01
5.259999999999999787e+00 2.919999999999999929e+00 1.689999999999999947e+00 2.569999999999999840e+00 8.599999999999999867e-01 6.253000000000000114e+01 2.980000000000000071e+01 9.419999999999999929e+00 1.014599999999999937e+02
5.269999999999999574e+00 2.930000000000000160e+00 1.659999999999999920e+00 2.549999999999999822e+00 8.499999999999999778e-01 6.801999999999999602e+01 2.946000000000000085e+01 9.269999999999999574e+00 1.044200000000000017e+02
5.290000000000000036e+00 2.959999999999999964e+00 1.639999999999999902e+00 2.549999999999999822e+00 8.399999999999999689e-01 7.512000000000000455e+01 2.921000000000000085e+01 9.169999999999999929e+00 1.091700000000000017e+02
5.309999999999999609e+00 2.979999999999999982e+00 1.629999999999999893e+00 2.540000000000000036e+00 8.299999999999999600e-01 7.320000000000000284e+01 2.867999999999999972e+01 8.869999999999999218e+00 1.117600000000000051e+02
5.360000000000000320e+00 3.000000000000000000e+00 1.610000000000000098e+00 2.540000000000000036e+00 8.299999999999999600e-01 6.854000000000000625e+01 2.801999999999999957e+01 8.759999999999999787e+00 1.072000000000000028e+02
5.410000000000000142e+00 3.020000000000000018e+00 1.590000000000000080e+00 2.540000000000000036e+00 8.199999999999999512e-01 6.570999999999999375e+01 2.703000000000000114e+01 8.710000000000000853e+00 9.959000000000000341e+01
5.480000000000000426e+00 3.029999999999999805e+00 1.570000000000000062e+00 2.520000000000000018e+00 8.199999999999999512e-01 6.353999999999999915e+01 2.623999999999999844e+01 8.939999999999999503e+00 9.323999999999999488e+01
5.540000000000000036e+00 3.049999999999999822e+00 1.560000000000000053e+00 2.500000000000000000e+00 8.100000000000000533e-01 6.350000000000000000e+01 2.548000000000000043e+01 9.279999999999999361e+00 9.026000000000000512e+01
5.620000000000000107e+00 3.069999999999999840e+00 1.550000000000000044e+00 2.490000000000000213e+00 8.100000000000000533e-01 6.509999999999999432e+01 2.501000000000000156e+01 9.599999999999999645e+00 9.057999999999999829e+01
5.700000000000000178e+00 3.089999999999999858e+00 1.540000000000000036e+00 2.479999999999999982e+00 8.000000000000000444e-01 6.957999999999999829e+01 2.505000000000000071e+01 9.939999999999999503e+00 9.218999999999999773e+01
5.799999999999999822e+00 3.100000000000000089e+00 1.540000000000000036e+00 2.450000000000000178e+00 7.900000000000000355e-01 7.378000000000000114e+01 2.512000000000000099e+01 1.023000000000000043e+01 9.575000000000000000e+01
5.900000000000000355e+00 3.109999999999999876e+00 1.530000000000000027e+00 2.430000000000000160e+00 7.900000000000000355e-01 8.129000000000000625e+01 2.530000000000000071e+01 1.069999999999999929e+01 1.001400000000000006e+02
6.040000000000000036e+00 3.129999999999999893e+00 1.520000000000000018e+00 2.390000000000000124e+00 7.800000000000000266e-01 8.667000000000000171e+01 2.544999999999999929e+01 1.122000000000000064e+01 1.020999999999999943e+02
6.160000000000000142e+00 3.140000000000000124e+00 1.520000000000000018e+00 2.350000000000000089e+00 7.700000000000000178e-01 8.818000000000000682e+01 2.551000000000000156e+01 1.142999999999999972e+01 1.035400000000000063e+02
6.280000000000000249e+00 3.140000000000000124e+00 1.510000000000000009e+00 2.319999999999999840e+00 7.700000000000000178e-01 8.815000000000000568e+01 2.573000000000000043e+01 1.174000000000000021e+01 1.034300000000000068e+02
6.410000000000000142e+00 3.140000000000000124e+00 1.500000000000000000e+00 2.290000000000000036e+00 7.600000000000000089e-01 8.284000000000000341e+01 2.594999999999999929e+01 1.188000000000000078e+01 1.014399999999999977e+02
6.549999999999999822e+00 3.149999999999999911e+00 1.489999999999999991e+00 2.250000000000000000e+00 7.500000000000000000e-01 7.715999999999999659e+01 2.607000000000000028e+01 1.180000000000000071e+01 1.012300000000000040e+02
6.719999999999999751e+00 3.169999999999999929e+00 1.489999999999999991e+00 2.209999999999999964e+00 7.500000000000000000e-01 6.895999999999999375e+01 2.651000000000000156e+01 1.211999999999999922e+01 9.882999999999999829e+01
6.889999999999999680e+00 3.189999999999999947e+00 1.489999999999999991e+00 2.169999999999999929e+00 7.399999999999999911e-01 6.484999999999999432e+01 2.701999999999999957e+01 1.241999999999999993e+01 9.520999999999999375e+01
7.070000000000000284e+00 3.200000000000000178e+00 1.479999999999999982e+00 2.140000000000000124e+00 7.399999999999999911e-01 6.236999999999999744e+01 2.782999999999999829e+01 1.306000000000000050e+01 9.268999999999999773e+01
7.280000000000000249e+00 3.220000000000000195e+00 1.479999999999999982e+00 2.120000000000000107e+00 7.299999999999999822e-01 6.200000000000000000e+01 2.898000000000000043e+01 1.377999999999999936e+01 9.320999999999999375e+01
7.519999999999999574e+00 3.250000000000000000e+00 1.479999999999999982e+00 2.100000000000000089e+00 7.299999999999999822e-01 6.277000000000000313e+01 3.001000000000000156e+01 1.349000000000000021e+01 9.432999999999999829e+01
7.769999999999999574e+00 3.290000000000000036e+00 1.479999999999999982e+00 2.080000000000000071e+00 7.199999999999999734e-01 6.459999999999999432e+01 3.126999999999999957e+01 1.313000000000000078e+01 9.568999999999999773e+01
8.050000000000000711e+00 3.310000000000000053e+00 1.469999999999999973e+00 2.080000000000000071e+00 7.199999999999999734e-01 6.823999999999999488e+01 3.281000000000000227e+01 1.280000000000000071e+01 9.437999999999999545e+01
8.300000000000000711e+00 3.350000000000000089e+00 1.469999999999999973e+00 2.080000000000000071e+00 7.099999999999999645e-01 6.642000000000000171e+01 3.414000000000000057e+01 1.266000000000000014e+01 9.228000000000000114e+01
8.529999999999999361e+00 3.390000000000000124e+00 1.469999999999999973e+00 2.080000000000000071e+00 7.099999999999999645e-01 6.437999999999999545e+01 3.543999999999999773e+01 1.300999999999999979e+01 8.925000000000000000e+01
8.730000000000000426e+00 3.439999999999999947e+00 1.469999999999999973e+00 2.080000000000000071e+00 7.099999999999999645e-01 6.189999999999999858e+01 3.668999999999999773e+01 1.300999999999999979e+01 8.823000000000000398e+01
8.929999999999999716e+00 3.500000000000000000e+00 1.459999999999999964e+00 2.080000000000000071e+00 6.999999999999999556e-01 5.907999999999999829e+01 3.796000000000000085e+01 1.317999999999999972e+01 9.062000000000000455e+01
9.150000000000000355e+00 3.540000000000000036e+00 1.459999999999999964e+00 2.069999999999999840e+00 6.999999999999999556e-01 5.834000000000000341e+01 3.968999999999999773e+01 1.280000000000000071e+01 9.370999999999999375e+01
9.400000000000000355e+00 3.589999999999999858e+00 1.459999999999999964e+00 2.060000000000000053e+00 6.899999999999999467e-01 5.839999999999999858e+01 4.184000000000000341e+01 1.302999999999999936e+01 9.598000000000000398e+01
9.660000000000000142e+00 3.640000000000000124e+00 1.459999999999999964e+00 2.049999999999999822e+00 6.899999999999999467e-01 5.796000000000000085e+01 4.429999999999999716e+01 1.307000000000000028e+01 9.806000000000000227e+01
9.939999999999999503e+00 3.700000000000000178e+00 1.459999999999999964e+00 2.049999999999999822e+00 6.800000000000000488e-01 5.782000000000000028e+01 4.728999999999999915e+01 1.264000000000000057e+01 1.011200000000000045e+02
1.023000000000000043e+01 3.750000000000000000e+00 1.459999999999999964e+00 2.029999999999999805e+00 6.800000000000000488e-01 5.924000000000000199e+01 5.022999999999999687e+01 1.236999999999999922e+01 1.043100000000000023e+02
1.050999999999999979e+01 3.790000000000000036e+00 1.459999999999999964e+00 2.029999999999999805e+00 6.800000000000000488e-01 5.765999999999999659e+01 5.400000000000000000e+01 1.236999999999999922e+01 1.078199999999999932e+02
1.078999999999999915e+01 3.810000000000000053e+00 1.459999999999999964e+00 2.040000000000000036e+00 6.700000000000000400e-01 5.585000000000000142e+01 5.617999999999999972e+01 1.207000000000000028e+01 1.075000000000000000e+02
1.110999999999999943e+01 3.830000000000000071e+00 1.459999999999999964e+00 2.049999999999999822e+00 6.700000000000000400e-01 5.421000000000000085e+01 5.925999999999999801e+01 1.147000000000000064e+01 1.065100000000000051e+02
1.149000000000000021e+01 3.850000000000000089e+00 1.459999999999999964e+00 2.040000000000000036e+00 6.600000000000000311e-01 5.267999999999999972e+01 6.314000000000000057e+01 1.130000000000000071e+01 1.040600000000000023e+02
1.189000000000000057e+01 3.859999999999999876e+00 1.459999999999999964e+00 2.040000000000000036e+00 6.600000000000000311e-01 5.085999999999999943e+01 6.778000000000000114e+01 1.078999999999999915e+01 1.007500000000000000e+02
1.234999999999999964e+01 3.879999999999999893e+00 1.459999999999999964e+00 2.049999999999999822e+00 6.600000000000000311e-01 5.010999999999999943e+01 7.173999999999999488e+01 1.050999999999999979e+01 9.948000000000000398e+01
1.284999999999999964e+01 3.910000000000000142e+00 1.459999999999999964e+00 2.049999999999999822e+00 6.500000000000000222e-01 5.071999999999999886e+01 7.659000000000000341e+01 9.939999999999999503e+00 9.470000000000000284e+01
1.336999999999999922e+01 3.919999999999999929e+00 1.459999999999999964e+00 2.029999999999999805e+00 6.500000000000000222e-01 5.192000000000000171e+01 8.104999999999999716e+01 9.490000000000000213e+00 9.068000000000000682e+01
1.389000000000000057e+01 3.930000000000000160e+00 1.459999999999999964e+00 2.020000000000000018e+00 6.500000000000000222e-01 5.367000000000000171e+01 8.428000000000000114e+01 8.919999999999999929e+00 8.540999999999999659e+01
1.434999999999999964e+01 3.930000000000000160e+00 1.459999999999999964e+00 1.989999999999999991e+00 6.500000000000000222e-01 5.503999999999999915e+01 8.678000000000000114e+01 8.480000000000000426e+00 7.968999999999999773e+01
1.475000000000000000e+01 3.939999999999999947e+00 1.459999999999999964e+00 1.959999999999999964e+00 6.400000000000000133e-01 5.610000000000000142e+01 8.867000000000000171e+01 8.029999999999999361e+00 7.482999999999999829e+01
1.511999999999999922e+01 3.939999999999999947e+00 1.459999999999999964e+00 1.929999999999999938e+00 6.400000000000000133e-01 5.818999999999999773e+01 8.756999999999999318e+01 7.610000000000000320e+00 7.123999999999999488e+01
1.544999999999999929e+01 3.939999999999999947e+00 1.449999999999999956e+00 1.909999999999999920e+00 6.400000000000000133e-01 5.850000000000000000e+01 8.428000000000000114e+01 7.360000000000000320e+00 6.775000000000000000e+01
1.575999999999999979e+01 3.930000000000000160e+00 1.449999999999999956e+00 1.860000000000000098e+00 6.400000000000000133e-01 5.845000000000000284e+01 8.107999999999999829e+01 7.070000000000000284e+00 6.543999999999999773e+01
1.608999999999999986e+01 3.899999999999999911e+00 1.449999999999999956e+00 1.830000000000000071e+00 6.300000000000000044e-01 6.142000000000000171e+01 7.639000000000000057e+01 6.780000000000000249e+00 6.315999999999999659e+01
1.657000000000000028e+01 3.879999999999999893e+00 1.439999999999999947e+00 1.790000000000000036e+00 6.300000000000000044e-01 6.459999999999999432e+01 7.345000000000000284e+01 6.480000000000000426e+00 6.207999999999999829e+01
1.705000000000000071e+01 3.850000000000000089e+00 1.439999999999999947e+00 1.760000000000000009e+00 6.300000000000000044e-01 7.082999999999999829e+01 7.398999999999999488e+01 6.320000000000000284e+00 6.086999999999999744e+01
1.735000000000000142e+01 3.839999999999999858e+00 1.439999999999999947e+00 1.739999999999999991e+00 6.300000000000000044e-01 7.878000000000000114e+01 7.362000000000000455e+01 6.150000000000000355e+00 5.957000000000000028e+01
1.751999999999999957e+01 3.830000000000000071e+00 1.429999999999999938e+00 1.729999999999999982e+00 6.199999999999999956e-01 8.734999999999999432e+01 7.273999999999999488e+01 5.990000000000000213e+00 5.850000000000000000e+01
1.737000000000000099e+01 3.810000000000000053e+00 1.429999999999999938e+00 1.719999999999999973e+00 6.199999999999999956e-01 8.996999999999999886e+01 7.051000000000000512e+01 5.820000000000000284e+00 5.750000000000000000e+01
1.703999999999999915e+01 3.779999999999999805e+00 1.419999999999999929e+00 1.719999999999999973e+00 6.199999999999999956e-01 8.810999999999999943e+01 6.720999999999999375e+01 5.570000000000000284e+00 5.750999999999999801e+01
1.664000000000000057e+01 3.750000000000000000e+00 1.419999999999999929e+00 1.729999999999999982e+00 6.199999999999999956e-01 8.168999999999999773e+01 6.464000000000000057e+01 5.419999999999999929e+00 5.732999999999999829e+01
1.639999999999999858e+01 3.729999999999999982e+00 1.409999999999999920e+00 1.729999999999999982e+00 6.099999999999999867e-01 7.687999999999999545e+01 6.336999999999999744e+01 5.269999999999999574e+00 5.704999999999999716e+01
1.628999999999999915e+01 3.720000000000000195e+00 1.409999999999999920e+00 1.729999999999999982e+00 6.099999999999999867e-01 7.193000000000000682e+01 6.274000000000000199e+01 5.080000000000000071e+00 5.735999999999999943e+01
1.642000000000000171e+01 3.709999999999999964e+00 1.399999999999999911e+00 1.729999999999999982e+00 6.099999999999999867e-01 6.826999999999999602e+01 6.371999999999999886e+01 4.950000000000000178e+00 5.871999999999999886e+01
1.673999999999999844e+01 3.689999999999999947e+00 1.389999999999999902e+00 1.739999999999999991e+00 6.099999999999999867e-01 6.579999999999999716e+01 6.587999999999999545e+01 4.839999999999999858e+00 6.143999999999999773e+01
1.705000000000000071e+01 3.680000000000000160e+00 1.389999999999999902e+00 1.739999999999999991e+00 5.999999999999999778e-01 6.359000000000000341e+01 6.840000000000000568e+01 4.690000000000000391e+00 6.445999999999999375e+01
1.717000000000000171e+01 3.649999999999999911e+00 1.389999999999999902e+00 1.739999999999999991e+00 5.999999999999999778e-01 6.232000000000000028e+01 6.982999999999999829e+01 4.559999999999999609e+00 6.798000000000000398e+01
1.701999999999999957e+01 3.629999999999999893e+00 1.379999999999999893e+00 1.760000000000000009e+00 5.999999999999999778e-01 6.264999999999999858e+01 7.167000000000000171e+01 4.440000000000000391e+00 7.256999999999999318e+01
1.658999999999999986e+01 3.600000000000000089e+00 1.379999999999999893e+00 1.750000000000000000e+00 5.899999999999999689e-01 6.457999999999999829e+01 7.112000000000000455e+01 4.370000000000000107e+00 7.551000000000000512e+01
1.591999999999999993e+01 3.569999999999999840e+00 1.370000000000000107e+00 1.739999999999999991e+00 5.899999999999999689e-01 6.629000000000000625e+01 6.865000000000000568e+01 4.280000000000000249e+00 7.890999999999999659e+01
1.524000000000000021e+01 3.540000000000000036e+00 1.370000000000000107e+00 1.739999999999999991e+00 5.899999999999999689e-01 6.626999999999999602e+01 6.642000000000000171e+01 4.209999999999999964e+00 8.253000000000000114e+01
1.465000000000000036e+01 3.509999999999999787e+00 1.370000000000000107e+00 1.729999999999999982e+00 5.899999999999999689e-01 6.565999999999999659e+01 6.364999999999999858e+01 4.209999999999999964e+00 8.520000000000000284e+01
1.433000000000000007e+01 3.500000000000000000e+00 1.360000000000000098e+00 1.729999999999999982e+00 5.799999999999999600e-01 6.734999999999999432e+01 6.145000000000000284e+01 4.219999999999999751e+00 8.998999999999999488e+01
1.424000000000000021e+01 3.479999999999999982e+00 1.350000000000000089e+00 1.729999999999999982e+00 5.799999999999999600e-01 7.015000000000000568e+01 5.935999999999999943e+01 4.169999999999999929e+00 9.390999999999999659e+01
1.430000000000000071e+01 3.470000000000000195e+00 1.350000000000000089e+00 1.739999999999999991e+00 5.799999999999999600e-01 7.337000000000000455e+01 5.721999999999999886e+01 4.150000000000000355e+00 9.726999999999999602e+01
1.440000000000000036e+01 3.459999999999999964e+00 1.340000000000000080e+00 1.739999999999999991e+00 5.799999999999999600e-01 7.331999999999999318e+01 5.507999999999999829e+01 4.150000000000000355e+00 1.005499999999999972e+02
1.456000000000000050e+01 3.450000000000000178e+00 1.340000000000000080e+00 1.739999999999999991e+00 5.799999999999999600e-01 7.365999999999999659e+01 5.353000000000000114e+01 4.089999999999999858e+00 1.020699999999999932e+02
1.466000000000000014e+01 3.430000000000000160e+00 1.340000000000000080e+00 1.739999999999999991e+00 5.799999999999999600e-01 7.418000000000000682e+01 5.135000000000000142e+01 4.089999999999999858e+00 1.011200000000000045e+02
1.483000000000000007e+01 3.419999999999999929e+00 1.330000000000000071e+00 1.719999999999999973e+00 5.799999999999999600e-01 6.937000000000000455e+01 5.031000000000000227e+01 4.040000000000000036e+00 1.028900000000000006e+02
1.497000000000000064e+01 3.410000000000000142e+00 1.330000000000000071e+00 1.709999999999999964e+00 5.799999999999999600e-01 6.381000000000000227e+01 4.889999999999999858e+01 3.990000000000000213e+00 1.000900000000000034e+02
1.510999999999999943e+01 3.399999999999999911e+00 1.330000000000000071e+00 1.689999999999999947e+00 5.799999999999999600e-01 5.839999999999999858e+01 4.782000000000000028e+01 3.950000000000000178e+00 9.662000000000000455e+01
1.541999999999999993e+01 3.390000000000000124e+00 1.320000000000000062e+00 1.669999999999999929e+00 5.799999999999999600e-01 5.535999999999999943e+01 4.625000000000000000e+01 3.890000000000000124e+00 9.559000000000000341e+01
1.577999999999999936e+01 3.379999999999999893e+00 1.320000000000000062e+00 1.669999999999999929e+00 5.799999999999999600e-01 5.363000000000000256e+01 4.461999999999999744e+01 3.839999999999999858e+00 9.373000000000000398e+01
1.626999999999999957e+01 3.370000000000000107e+00 1.310000000000000053e+00 1.669999999999999929e+00 5.899999999999999689e-01 5.422999999999999687e+01 4.403000000000000114e+01 3.819999999999999840e+00 9.439000000000000057e+01
1.662999999999999901e+01 3.359999999999999876e+00 1.310000000000000053e+00 1.669999999999999929e+00 5.899999999999999689e-01 5.553000000000000114e+01 4.320000000000000284e+01 3.799999999999999822e+00 9.860999999999999943e+01
1.691000000000000014e+01 3.350000000000000089e+00 1.300000000000000044e+00 1.669999999999999929e+00 5.899999999999999689e-01 5.859000000000000341e+01 4.167999999999999972e+01 3.770000000000000018e+00 1.028400000000000034e+02
1.692000000000000171e+01 3.339999999999999858e+00 1.300000000000000044e+00 1.669999999999999929e+00 5.899999999999999689e-01 5.804999999999999716e+01 4.114999999999999858e+01 3.750000000000000000e+00 1.078799999999999955e+02
1.667999999999999972e+01 3.319999999999999840e+00 1.290000000000000036e+00 1.659999999999999920e+00 5.899999999999999689e-01 5.534000000000000341e+01 4.021000000000000085e+01 3.709999999999999964e+00 1.083799999999999955e+02
1.637000000000000099e+01 3.319999999999999840e+00 1.290000000000000036e+00 1.649999999999999911e+00 5.899999999999999689e-01 5.410000000000000142e+01 4.064000000000000057e+01 3.709999999999999964e+00 1.067099999999999937e+02
1.605999999999999872e+01 3.299999999999999822e+00 1.290000000000000036e+00 1.639999999999999902e+00 5.899999999999999689e-01 5.417000000000000171e+01 4.045000000000000284e+01 3.689999999999999947e+00 1.034399999999999977e+02
1.593999999999999950e+01 3.299999999999999822e+00 1.280000000000000027e+00 1.620000000000000107e+00 5.899999999999999689e-01 5.359000000000000341e+01 4.088000000000000256e+01 3.620000000000000107e+00 1.007199999999999989e+02
1.601999999999999957e+01 3.299999999999999822e+00 1.280000000000000027e+00 1.610000000000000098e+00 5.899999999999999689e-01 5.353999999999999915e+01 4.160000000000000142e+01 3.569999999999999840e+00 1.005499999999999972e+02
1.617999999999999972e+01 3.290000000000000036e+00 1.280000000000000027e+00 1.600000000000000089e+00 5.899999999999999689e-01 5.468999999999999773e+01 4.257000000000000028e+01 3.560000000000000053e+00 9.843000000000000682e+01
1.637999999999999901e+01 3.279999999999999805e+00 1.280000000000000027e+00 1.590000000000000080e+00 5.899999999999999689e-01 5.367000000000000171e+01 4.350000000000000000e+01 3.569999999999999840e+00 9.518999999999999773e+01
1.662000000000000099e+01 3.290000000000000036e+00 1.280000000000000027e+00 1.580000000000000071e+00 5.899999999999999689e-01 5.271999999999999886e+01 4.467000000000000171e+01 3.609999999999999876e+00 9.410999999999999943e+01
1.680000000000000071e+01 3.290000000000000036e+00 1.280000000000000027e+00 1.570000000000000062e+00 5.899999999999999689e-01 5.267000000000000171e+01 4.664999999999999858e+01 3.609999999999999876e+00 9.056000000000000227e+01
1.687000000000000099e+01 3.279999999999999805e+00 1.280000000000000027e+00 1.570000000000000062e+00 5.899999999999999689e-01 5.257999999999999829e+01 4.971000000000000085e+01 3.580000000000000071e+00 8.645999999999999375e+01
1.678000000000000114e+01 3.279999999999999805e+00 1.280000000000000027e+00 1.560000000000000053e+00 5.899999999999999689e-01 5.193999999999999773e+01 5.188000000000000256e+01 3.540000000000000036e+00 8.556999999999999318e+01
1.658999999999999986e+01 3.270000000000000018e+00 1.290000000000000036e+00 1.550000000000000044e+00 5.899999999999999689e-01 5.174000000000000199e+01 5.434000000000000341e+01 3.509999999999999787e+00 8.615999999999999659e+01
1.630999999999999872e+01 3.259999999999999787e+00 1.290000000000000036e+00 1.540000000000000036e+00 5.899999999999999689e-01 5.236999999999999744e+01 5.647999999999999687e+01 3.509999999999999787e+00 8.614000000000000057e+01
1.599000000000000021e+01 3.259999999999999787e+00 1.290000000000000036e+00 1.530000000000000027e+00 5.999999999999999778e-01 5.195000000000000284e+01 5.909000000000000341e+01 3.479999999999999982e+00 8.739000000000000057e+01
1.559999999999999964e+01 3.240000000000000213e+00 1.290000000000000036e+00 1.520000000000000018e+00 5.999999999999999778e-01 5.059000000000000341e+01 6.007000000000000028e+01 3.430000000000000160e+00 8.515000000000000568e+01
1.531000000000000050e+01 3.229999999999999982e+00 1.290000000000000036e+00 1.520000000000000018e+00 5.999999999999999778e-01 5.079999999999999716e+01 6.214000000000000057e+01 3.339999999999999858e+00 8.243999999999999773e+01
1.511999999999999922e+01 3.220000000000000195e+00 1.290000000000000036e+00 1.530000000000000027e+00 5.999999999999999778e-01 5.175999999999999801e+01 6.567000000000000171e+01 3.259999999999999787e+00 8.059000000000000341e+01
1.503999999999999915e+01 3.220000000000000195e+00 1.290000000000000036e+00 1.540000000000000036e+00 5.999999999999999778e-01 5.209000000000000341e+01 7.148999999999999488e+01 3.149999999999999911e+00 7.889000000000000057e+01
1.500999999999999979e+01 3.209999999999999964e+00 1.290000000000000036e+00 1.550000000000000044e+00 5.999999999999999778e-01 5.364999999999999858e+01 7.598000000000000398e+01 3.049999999999999822e+00 7.868000000000000682e+01
1.500000000000000000e+01 3.209999999999999964e+00 1.290000000000000036e+00 1.550000000000000044e+00 5.999999999999999778e-01 5.579999999999999716e+01 8.017000000000000171e+01 2.950000000000000178e+00 7.825000000000000000e+01
1.492999999999999972e+01 3.220000000000000195e+00 1.290000000000000036e+00 1.550000000000000044e+00 5.999999999999999778e-01 5.685999999999999943e+01 8.365999999999999659e+01 2.859999999999999876e+00 7.804999999999999716e+01
1.482000000000000028e+01 3.209999999999999964e+00 1.290000000000000036e+00 1.550000000000000044e+00 5.899999999999999689e-01 5.778000000000000114e+01 8.551000000000000512e+01 2.740000000000000213e+00 7.760999999999999943e+01
1.466000000000000014e+01 3.200000000000000178e+00 1.290000000000000036e+00 1.550000000000000044e+00 5.899999999999999689e-01 5.653999999999999915e+01 8.351999999999999602e+01 2.640000000000000124e+00 7.551000000000000512e+01
1.452999999999999936e+01 3.189999999999999947e+00 1.290000000000000036e+00 1.560000000000000053e+00 5.899999999999999689e-01 5.527000000000000313e+01 8.225000000000000000e+01 2.540000000000000036e+00 7.460999999999999943e+01
1.451999999999999957e+01 3.180000000000000160e+00 1.280000000000000027e+00 1.570000000000000062e+00 5.799999999999999600e-01 5.428000000000000114e+01 8.020999999999999375e+01 2.459999999999999964e+00 7.267000000000000171e+01
1.468999999999999950e+01 3.189999999999999947e+00 1.280000000000000027e+00 1.580000000000000071e+00 5.699999999999999512e-01 5.310999999999999943e+01 8.115000000000000568e+01 2.399999999999999911e+00 6.970999999999999375e+01
1.503999999999999915e+01 3.200000000000000178e+00 1.280000000000000027e+00 1.590000000000000080e+00 5.699999999999999512e-01 5.465999999999999659e+01 8.246999999999999886e+01 2.350000000000000089e+00 6.653000000000000114e+01
1.552999999999999936e+01 3.209999999999999964e+00 1.280000000000000027e+00 1.600000000000000089e+00 5.600000000000000533e-01 5.503999999999999915e+01 8.250000000000000000e+01 2.279999999999999805e+00 6.487000000000000455e+01
1.610000000000000142e+01 3.220000000000000195e+00 1.280000000000000027e+00 1.610000000000000098e+00 5.500000000000000444e-01 5.639999999999999858e+01 8.507999999999999829e+01 2.220000000000000195e+00 6.354999999999999716e+01
1.650000000000000000e+01 3.229999999999999982e+00 1.270000000000000018e+00 1.600000000000000089e+00 5.500000000000000444e-01 5.799000000000000199e+01 8.651000000000000512e+01 2.160000000000000142e+00 6.286999999999999744e+01
1.669000000000000128e+01 3.229999999999999982e+00 1.270000000000000018e+00 1.590000000000000080e+00 5.500000000000000444e-01 5.889000000000000057e+01 8.392000000000000171e+01 2.109999999999999876e+00 6.164999999999999858e+01
1.657000000000000028e+01 3.220000000000000195e+00 1.270000000000000018e+00 1.580000000000000071e+00 5.400000000000000355e-01 5.792000000000000171e+01 8.059000000000000341e+01 2.080000000000000071e+00 5.988000000000000256e+01
1.623000000000000043e+01 3.229999999999999982e+00 1.260000000000000009e+00 1.590000000000000080e+00 5.400000000000000355e-01 5.664000000000000057e+01 7.734000000000000341e+01 2.060000000000000053e+00 5.888000000000000256e+01
1.590000000000000036e+01 3.240000000000000213e+00 1.250000000000000000e+00 1.580000000000000071e+00 5.400000000000000355e-01 5.627000000000000313e+01 7.645999999999999375e+01 2.049999999999999822e+00 5.903999999999999915e+01
1.566000000000000014e+01 3.250000000000000000e+00 1.250000000000000000e+00 1.570000000000000062e+00 5.300000000000000266e-01 5.700999999999999801e+01 7.515000000000000568e+01 2.020000000000000018e+00 6.014999999999999858e+01
1.561999999999999922e+01 3.250000000000000000e+00 1.250000000000000000e+00 1.560000000000000053e+00 5.300000000000000266e-01 5.911999999999999744e+01 7.804999999999999716e+01 2.000000000000000000e+00 6.174000000000000199e+01
1.561999999999999922e+01 3.250000000000000000e+00 1.239999999999999991e+00 1.560000000000000053e+00 5.200000000000000178e-01 6.203000000000000114e+01 8.268000000000000682e+01 2.000000000000000000e+00 6.384000000000000341e+01
1.560999999999999943e+01 3.240000000000000213e+00 1.239999999999999991e+00 1.550000000000000044e+00 5.200000000000000178e-01 6.570000000000000284e+01 8.600000000000000000e+01 1.989999999999999991e+00 6.689000000000000057e+01
1.548000000000000043e+01 3.220000000000000195e+00 1.239999999999999991e+00 1.540000000000000036e+00 5.200000000000000178e-01 6.757999999999999829e+01 8.553000000000000114e+01 1.969999999999999973e+00 7.029999999999999716e+01
1.535999999999999943e+01 3.209999999999999964e+00 1.229999999999999982e+00 1.530000000000000027e+00 5.100000000000000089e-01 6.815999999999999659e+01 8.351999999999999602e+01 1.939999999999999947e+00 7.329999999999999716e+01
1.527999999999999936e+01 3.200000000000000178e+00 1.229999999999999982e+00 1.520000000000000018e+00 5.100000000000000089e-01 7.251999999999999602e+01 7.690000000000000568e+01 1.919999999999999929e+00 7.404999999999999716e+01
1.530000000000000071e+01 3.180000000000000160e+00 1.229999999999999982e+00 1.510000000000000009e+00 5.100000000000000089e-01 7.573000000000000398e+01 7.201000000000000512e+01 1.909999999999999920e+00 7.381000000000000227e+01
1.550000000000000000e+01 3.169999999999999929e+00 1.229999999999999982e+00 1.500000000000000000e+00 5.100000000000000089e-01 7.593999999999999773e+01 6.779000000000000625e+01 1.899999999999999911e+00 7.515999999999999659e+01
1.575999999999999979e+01 3.160000000000000142e+00 1.219999999999999973e+00 1.489999999999999991e+00 5.000000000000000000e-01 7.462000000000000455e+01 6.357000000000000028e+01 1.889999999999999902e+00 7.817000000000000171e+01
1.607000000000000028e+01 3.149999999999999911e+00 1.219999999999999973e+00 1.479999999999999982e+00 5.000000000000000000e-01 7.267000000000000171e+01 6.121000000000000085e+01 1.870000000000000107e+00 8.015000000000000568e+01
1.628000000000000114e+01 3.149999999999999911e+00 1.209999999999999964e+00 1.469999999999999973e+00 5.000000000000000000e-01 6.860999999999999943e+01 5.850000000000000000e+01 1.879999999999999893e+00 8.198000000000000398e+01
1.646000000000000085e+01 3.140000000000000124e+00 1.209999999999999964e+00 1.459999999999999964e+00 5.000000000000000000e-01 6.371000000000000085e+01 5.660000000000000142e+01 1.879999999999999893e+00 8.487999999999999545e+01
1.635999999999999943e+01 3.129999999999999893e+00 1.209999999999999964e+00 1.439999999999999947e+00 5.000000000000000000e-01 6.029999999999999716e+01 5.485000000000000142e+01 1.870000000000000107e+00 8.998999999999999488e+01
1.623000000000000043e+01 3.120000000000000107e+00 1.199999999999999956e+00 1.419999999999999929e+00 4.899999999999999911e-01 5.867999999999999972e+01 5.442999999999999972e+01 1.879999999999999893e+00 9.626999999999999602e+01
1.599000000000000021e+01 3.109999999999999876e+00 1.199999999999999956e+00 1.409999999999999920e+00 4.899999999999999911e-01 5.747999999999999687e+01 5.270000000000000284e+01 1.889999999999999902e+00 1.029899999999999949e+02
1.564000000000000057e+01 3.080000000000000071e+00 1.189999999999999947e+00 1.409999999999999920e+00 4.899999999999999911e-01 5.550000000000000000e+01 5.171999999999999886e+01 1.909999999999999920e+00 1.105499999999999972e+02
1.531000000000000050e+01 3.049999999999999822e+00 1.189999999999999947e+00 1.399999999999999911e+00 4.899999999999999911e-01 5.346999999999999886e+01 4.964999999999999858e+01 1.929999999999999938e+00 1.150600000000000023e+02
1.505000000000000071e+01 3.020000000000000018e+00 1.189999999999999947e+00 1.409999999999999920e+00 4.899999999999999911e-01 5.135000000000000142e+01 4.821999999999999886e+01 1.939999999999999947e+00 1.155400000000000063e+02
1.505000000000000071e+01 3.000000000000000000e+00 1.179999999999999938e+00 1.409999999999999920e+00 4.899999999999999911e-01 4.971000000000000085e+01 4.688000000000000256e+01 1.959999999999999964e+00 1.138499999999999943e+02
1.517999999999999972e+01 2.979999999999999982e+00 1.179999999999999938e+00 1.399999999999999911e+00 4.799999999999999822e-01 4.897999999999999687e+01 4.604999999999999716e+01 1.989999999999999991e+00 1.102300000000000040e+02
1.547000000000000064e+01 2.959999999999999964e+00 1.179999999999999938e+00 1.399999999999999911e+00 4.799999999999999822e-01 4.900999999999999801e+01 4.514999999999999858e+01 2.020000000000000018e+00 1.082999999999999972e+02
1.591999999999999993e+01 2.950000000000000178e+00 1.169999999999999929e+00 1.399999999999999911e+00 4.799999999999999822e-01 4.954999999999999716e+01 4.497999999999999687e+01 2.040000000000000036e+00 1.016200000000000045e+02
1.657000000000000028e+01 2.939999999999999947e+00 1.169999999999999929e+00 1.399999999999999911e+00 4.799999999999999822e-01 5.138000000000000256e+01 4.532000000000000028e+01 2.060000000000000053e+00 9.831999999999999318e+01
1.705000000000000071e+01 2.930000000000000160e+00 1.159999999999999920e+00 1.409999999999999920e+00 4.799999999999999822e-01 5.393999999999999773e+01 4.643999999999999773e+01 2.069999999999999840e+00 9.106999999999999318e+01
1.730000000000000071e+01 2.910000000000000142e+00 1.159999999999999920e+00 1.409999999999999920e+00 4.799999999999999822e-01 5.615999999999999659e+01 4.717000000000000171e+01 2.080000000000000071e+00 8.279000000000000625e+01
1.732000000000000028e+01 2.890000000000000124e+00 1.149999999999999911e+00 1.419999999999999929e+00 4.799999999999999822e-01 5.945000000000000284e+01 4.832000000000000028e+01 2.089999999999999858e+00 7.617000000000000171e+01
1.705000000000000071e+01 2.879999999999999893e+00 1.149999999999999911e+00 1.429999999999999938e+00 4.699999999999999734e-01 6.354999999999999716e+01 4.971999999999999886e+01 2.100000000000000089e+00 7.289000000000000057e+01
1.671000000000000085e+01 2.859999999999999876e+00 1.149999999999999911e+00 1.429999999999999938e+00 4.699999999999999734e-01 6.976000000000000512e+01 5.042000000000000171e+01 2.109999999999999876e+00 6.979000000000000625e+01
1.630999999999999872e+01 2.839999999999999858e+00 1.149999999999999911e+00 1.419999999999999929e+00 4.699999999999999734e-01 7.895000000000000284e+01 5.136999999999999744e+01 2.140000000000000124e+00 6.595999999999999375e+01
1.593999999999999950e+01 2.830000000000000071e+00 1.149999999999999911e+00 1.399999999999999911e+00 4.699999999999999734e-01 9.107999999999999829e+01 5.132999999999999829e+01 2.169999999999999929e+00 6.240999999999999659e+01
1.551999999999999957e+01 2.810000000000000053e+00 1.149999999999999911e+00 1.389999999999999902e+00 4.699999999999999734e-01 1.047500000000000000e+02 4.971999999999999886e+01 2.220000000000000195e+00 5.779999999999999716e+01
1.510999999999999943e+01 2.799999999999999822e+00 1.149999999999999911e+00 1.379999999999999893e+00 4.600000000000000200e-01 1.062000000000000028e+02 4.750000000000000000e+01 2.299999999999999822e+00 5.356000000000000227e+01
1.483000000000000007e+01 2.790000000000000036e+00 1.149999999999999911e+00 1.370000000000000107e+00 4.600000000000000200e-01 1.079699999999999989e+02 4.517999999999999972e+01 2.350000000000000089e+00 5.046999999999999886e+01
1.476999999999999957e+01 2.779999999999999805e+00 1.149999999999999911e+00 1.360000000000000098e+00 4.600000000000000200e-01 1.090600000000000023e+02 4.361999999999999744e+01 2.390000000000000124e+00 4.743999999999999773e+01
1.482000000000000028e+01 2.779999999999999805e+00 1.139999999999999902e+00 1.340000000000000080e+00 4.600000000000000200e-01 9.804999999999999716e+01 4.181000000000000227e+01 2.419999999999999929e+00 4.500999999999999801e+01
1.511999999999999922e+01 2.770000000000000018e+00 1.139999999999999902e+00 1.320000000000000062e+00 4.500000000000000111e-01 9.059000000000000341e+01 4.082999999999999829e+01 2.459999999999999964e+00 4.335000000000000142e+01
1.571000000000000085e+01 2.770000000000000018e+00 1.129999999999999893e+00 1.300000000000000044e+00 4.500000000000000111e-01 9.250000000000000000e+01 4.013000000000000256e+01 2.490000000000000213e+00 4.210999999999999943e+01
1.637000000000000099e+01 2.759999999999999787e+00 1.129999999999999893e+00 1.280000000000000027e+00 4.500000000000000111e-01 9.568999999999999773e+01 4.015999999999999659e+01 2.540000000000000036e+00 4.103000000000000114e+01
1.680999999999999872e+01 2.759999999999999787e+00 1.120000000000000107e+00 1.270000000000000018e+00 4.500000000000000111e-01 9.904000000000000625e+01 4.049000000000000199e+01 2.569999999999999840e+00 3.982999999999999829e+01
1.696000000000000085e+01 2.750000000000000000e+00 1.120000000000000107e+00 1.250000000000000000e+00 4.400000000000000022e-01 1.007000000000000028e+02 4.088000000000000256e+01 2.609999999999999876e+00 3.902000000000000313e+01
1.676000000000000156e+01 2.750000000000000000e+00 1.110000000000000098e+00 1.239999999999999991e+00 4.400000000000000022e-01 1.026099999999999994e+02 4.045000000000000284e+01 2.620000000000000107e+00 3.839999999999999858e+01
1.612999999999999901e+01 2.750000000000000000e+00 1.110000000000000098e+00 1.229999999999999982e+00 4.400000000000000022e-01 9.471999999999999886e+01 3.939000000000000057e+01 2.620000000000000107e+00 3.786999999999999744e+01
1.544999999999999929e+01 2.740000000000000213e+00 1.100000000000000089e+00 1.209999999999999964e+00 4.400000000000000022e-01 8.870000000000000284e+01 3.939000000000000057e+01 2.589999999999999858e+00 3.746000000000000085e+01
1.508999999999999986e+01 2.740000000000000213e+00 1.100000000000000089e+00 1.189999999999999947e+00 4.299999999999999933e-01 8.618999999999999773e+01 3.893999999999999773e+01 2.580000000000000071e+00 3.739999999999999858e+01
1.516999999999999993e+01 2.729999999999999982e+00 1.100000000000000089e+00 1.169999999999999929e+00 4.299999999999999933e-01 8.892000000000000171e+01 3.886999999999999744e+01 2.560000000000000053e+00 3.728999999999999915e+01
1.541999999999999993e+01 2.729999999999999982e+00 1.100000000000000089e+00 1.159999999999999920e+00 4.299999999999999933e-01 9.442000000000000171e+01 3.900000000000000000e+01 2.560000000000000053e+00 3.753000000000000114e+01
1.564000000000000057e+01 2.729999999999999982e+00 1.090000000000000080e+00 1.139999999999999902e+00 4.299999999999999933e-01 1.009899999999999949e+02 3.911999999999999744e+01 2.569999999999999840e+00 3.807999999999999829e+01
1.583000000000000007e+01 2.720000000000000195e+00 1.090000000000000080e+00 1.120000000000000107e+00 4.299999999999999933e-01 1.051400000000000006e+02 3.893999999999999773e+01 2.580000000000000071e+00 3.834000000000000341e+01
1.575000000000000000e+01 2.709999999999999964e+00 1.090000000000000080e+00 1.110000000000000098e+00 4.299999999999999933e-01 1.049699999999999989e+02 3.884000000000000341e+01 2.609999999999999876e+00 3.892999999999999972e+01
