1.000000000000000000e+01
9.700001716613769531e+00
9.403593063354492188e+00
9.121207237243652344e+00
8.877539634704589844e+00
8.704144477844238281e+00
8.592638015747070312e+00
8.524841308593750000e+00
8.471388816833496094e+00
8.422113418579101562e+00
8.402435302734375000e+00
8.430230140686035156e+00
8.501410484313964844e+00
8.595911979675292969e+00
8.698705673217773438e+00
8.800325393676757812e+00
8.883857727050781250e+00
8.936562538146972656e+00
8.950108528137207031e+00
8.937449455261230469e+00
8.900079727172851562e+00
8.850423812866210938e+00
8.792056083679199219e+00
8.742013931274414062e+00
8.708060264587402344e+00
8.682230949401855469e+00
8.658198356628417969e+00
8.632323265075683594e+00
8.601595878601074219e+00
8.559521675109863281e+00
8.509373664855957031e+00
8.474756240844726562e+00
8.473284721374511719e+00
8.504633903503417969e+00
8.555142402648925781e+00
8.614081382751464844e+00
8.665191650390625000e+00
8.691088676452636719e+00
8.688558578491210938e+00
8.659764289855957031e+00
8.615252494812011719e+00
8.567701339721679688e+00
8.531255722045898438e+00
8.509537696838378906e+00
8.499693870544433594e+00
8.499089241027832031e+00
8.497792243957519531e+00
8.487439155578613281e+00
8.463473320007324219e+00
8.429625511169433594e+00
8.391579627990722656e+00
8.359091758728027344e+00
8.345222473144531250e+00
8.364991188049316406e+00
8.414508819580078125e+00
8.479769706726074219e+00
8.543603897094726562e+00
8.599929809570312500e+00
8.635912895202636719e+00
8.641138076782226562e+00
8.625726699829101562e+00
8.592883110046386719e+00
8.552566528320312500e+00
8.511207580566406250e+00
8.473179817199707031e+00
8.443557739257812500e+00
8.412265777587890625e+00
8.380814552307128906e+00
8.356012344360351562e+00
8.330229759216308594e+00
8.313524246215820312e+00
8.307285308837890625e+00
8.300861358642578125e+00
8.300291061401367188e+00
8.300602912902832031e+00
8.296647071838378906e+00
8.291215896606445312e+00
8.280319213867187500e+00
8.256593704223632812e+00
8.229528427124023438e+00
8.201824188232421875e+00
8.179770469665527344e+00
8.179123878479003906e+00
8.199612617492675781e+00
8.230296134948730469e+00
8.251983642578125000e+00
8.267191886901855469e+00
8.253879547119140625e+00
8.223205566406250000e+00
8.189332008361816406e+00
8.178953170776367188e+00
8.186061859130859375e+00
8.221421241760253906e+00
8.287821769714355469e+00
8.353889465332031250e+00
8.398807525634765625e+00
8.410767555236816406e+00
8.392695426940917969e+00
8.342731475830078125e+00
8.277419090270996094e+00
8.209886550903320312e+00
8.179299354553222656e+00
8.180054664611816406e+00
8.195669174194335938e+00
8.218755722045898438e+00
8.239276885986328125e+00
8.246896743774414062e+00
8.252651214599609375e+00
8.247401237487792969e+00
8.247474670410156250e+00
8.261117935180664062e+00
8.284371376037597656e+00
8.318386077880859375e+00
8.344573974609375000e+00
8.367107391357421875e+00
8.359890937805175781e+00
8.328034400939941406e+00
8.286666870117187500e+00
8.252263069152832031e+00
8.242130279541015625e+00
8.250600814819335938e+00
8.275108337402343750e+00
8.303291320800781250e+00
8.334774017333984375e+00
8.360750198364257812e+00
8.375807762145996094e+00
8.379457473754882812e+00
8.379397392272949219e+00
8.372327804565429688e+00
8.354730606079101562e+00
8.331597328186035156e+00
8.315868377685546875e+00
8.313003540039062500e+00
8.322431564331054688e+00
8.332104682922363281e+00
8.336228370666503906e+00
8.321606636047363281e+00
8.300569534301757812e+00
8.267435073852539062e+00
8.229482650756835938e+00
8.204743385314941406e+00
8.206272125244140625e+00
8.234106063842773438e+00
8.279255867004394531e+00
8.329163551330566406e+00
8.362735748291015625e+00
8.380825996398925781e+00
8.370235443115234375e+00
8.340305328369140625e+00
8.308118820190429688e+00
8.285178184509277344e+00
8.284600257873535156e+00
8.284474372863769531e+00
8.273104667663574219e+00
8.249738693237304688e+00
8.221752166748046875e+00
8.196444511413574219e+00
8.185865402221679688e+00
8.201142311096191406e+00
8.220960617065429688e+00
8.251528739929199219e+00
8.278598785400390625e+00
8.299221038818359375e+00
8.311046600341796875e+00
8.316062927246093750e+00
8.306453704833984375e+00
8.282418251037597656e+00
8.251999855041503906e+00
8.217300415039062500e+00
8.209893226623535156e+00
8.221792221069335938e+00
8.246310234069824219e+00
8.282394409179687500e+00
8.331769943237304688e+00
8.365415573120117188e+00
8.385324478149414062e+00
8.386380195617675781e+00
8.372031211853027344e+00
8.350576400756835938e+00
8.329253196716308594e+00
8.307129859924316406e+00
8.272054672241210938e+00
8.230112075805664062e+00
8.195106506347656250e+00
8.180195808410644531e+00
8.176954269409179688e+00
8.202203750610351562e+00
8.272542953491210938e+00
8.353784561157226562e+00
8.413435935974121094e+00
8.436735153198242188e+00
8.416721343994140625e+00
8.348818778991699219e+00
8.274703025817871094e+00
8.243742942810058594e+00
8.270745277404785156e+00
8.326885223388671875e+00
8.379713058471679688e+00
8.412871360778808594e+00
8.406175613403320312e+00
