-1.108163528442382812e+02
-1.105163574218750000e+02
-1.102161407470703125e+02
-1.099152374267578125e+02
-1.096133651733398438e+02
-1.093102493286132812e+02
-1.090063400268554688e+02
-1.087013320922851562e+02
-1.083959121704101562e+02
-1.080923385620117188e+02
-1.077880172729492188e+02
-1.074828033447265625e+02
-1.071769638061523438e+02
-1.068719024658203125e+02
-1.065674209594726562e+02
-1.062640151977539062e+02
-1.059620895385742188e+02
-1.056625289916992188e+02
-1.053662948608398438e+02
-1.050728073120117188e+02
-1.047819442749023438e+02
-1.044932861328125000e+02
-1.042083511352539062e+02
-1.039248428344726562e+02
-1.036429824829101562e+02
-1.033628387451171875e+02
-1.030856475830078125e+02
-1.028124847412109375e+02
-1.025410919189453125e+02
-1.022714843750000000e+02
-1.020057601928710938e+02
-1.017415542602539062e+02
-1.014779052734375000e+02
-1.012143783569335938e+02
-1.009532089233398438e+02
-1.006950225830078125e+02
-1.004405212402343750e+02
-1.001927413940429688e+02
-9.994798278808593750e+01
-9.970639801025390625e+01
-9.946793365478515625e+01
-9.923297882080078125e+01
-9.900285339355468750e+01
-9.877686309814453125e+01
-9.855630493164062500e+01
-9.833866882324218750e+01
-9.812682342529296875e+01
-9.791845703125000000e+01
-9.771527099609375000e+01
-9.751631164550781250e+01
-9.732199859619140625e+01
-9.713299560546875000e+01
-9.694597625732421875e+01
-9.675913238525390625e+01
-9.657338714599609375e+01
-9.639280700683593750e+01
-9.621696472167968750e+01
-9.604719543457031250e+01
-9.588129425048828125e+01
-9.571768951416015625e+01
-9.555892181396484375e+01
-9.540428924560546875e+01
-9.525492095947265625e+01
-9.511038970947265625e+01
-9.496929931640625000e+01
-9.482952880859375000e+01
-9.469403076171875000e+01
-9.456323242187500000e+01
-9.443209075927734375e+01
-9.430299377441406250e+01
-9.417818450927734375e+01
-9.405731201171875000e+01
-9.394024658203125000e+01
-9.382918548583984375e+01
-9.372349548339843750e+01
-9.362110137939453125e+01
-9.352310943603515625e+01
-9.342641448974609375e+01
-9.333654022216796875e+01
-9.325260925292968750e+01
-9.317321777343750000e+01
-9.309463500976562500e+01
-9.301203155517578125e+01
-9.293508148193359375e+01
-9.285987854003906250e+01
-9.278565216064453125e+01
-9.271265411376953125e+01
-9.264155578613281250e+01
-9.257692718505859375e+01
-9.251661682128906250e+01
-9.245822906494140625e+01
-9.240323638916015625e+01
-9.235083007812500000e+01
-9.230060577392578125e+01
-9.225810241699218750e+01
-9.222042846679687500e+01
-9.218411254882812500e+01
-9.215229034423828125e+01
-9.212041473388671875e+01
-9.209235382080078125e+01
-9.206378173828125000e+01
-9.203919219970703125e+01
-9.201454925537109375e+01
-9.199542999267578125e+01
-9.198371124267578125e+01
-9.197227478027343750e+01
-9.195812988281250000e+01
-9.194309997558593750e+01
-9.192907714843750000e+01
-9.191831207275390625e+01
-9.190976715087890625e+01
-9.190100097656250000e+01
-9.189147949218750000e+01
-9.188563537597656250e+01
-9.188372039794921875e+01
-9.188059997558593750e+01
-9.187977600097656250e+01
-9.188018035888671875e+01
-9.187372589111328125e+01
-9.186742401123046875e+01
-9.186129760742187500e+01
-9.185066986083984375e+01
-9.183737945556640625e+01
-9.182239532470703125e+01
-9.181013488769531250e+01
-9.179415130615234375e+01
-9.177722167968750000e+01
-9.176235961914062500e+01
-9.174817657470703125e+01
-9.173345184326171875e+01
-9.171360778808593750e+01
-9.169751739501953125e+01
-9.168448638916015625e+01
-9.166953277587890625e+01
-9.165366363525390625e+01
-9.163722991943359375e+01
-9.162332916259765625e+01
-9.161205291748046875e+01
-9.160086822509765625e+01
-9.159256744384765625e+01
-9.158300018310546875e+01
-9.157048034667968750e+01
-9.155747985839843750e+01
-9.154312133789062500e+01
-9.153133392333984375e+01
-9.152250671386718750e+01
-9.151982116699218750e+01
-9.151685333251953125e+01
-9.150835418701171875e+01
-9.149801635742187500e+01
-9.149109649658203125e+01
-9.148738098144531250e+01
-9.148891448974609375e+01
-9.148983001708984375e+01
-9.148505401611328125e+01
-9.148363494873046875e+01
-9.148399353027343750e+01
-9.148323822021484375e+01
-9.148755645751953125e+01
-9.149684143066406250e+01
-9.149892425537109375e+01
-9.150181579589843750e+01
-9.150356292724609375e+01
-9.151359558105468750e+01
-9.152687072753906250e+01
-9.153777313232421875e+01
-9.154587554931640625e+01
-9.155672454833984375e+01
-9.156805419921875000e+01
-9.158242797851562500e+01
-9.160154724121093750e+01
-9.162256622314453125e+01
-9.163944244384765625e+01
-9.165866088867187500e+01
-9.167493438720703125e+01
-9.168701171875000000e+01
-9.169062042236328125e+01
-9.169422912597656250e+01
-9.169935607910156250e+01
-9.170093536376953125e+01
-9.170032501220703125e+01
-9.169372558593750000e+01
-9.169155883789062500e+01
-9.169619750976562500e+01
-9.170487213134765625e+01
-9.170369720458984375e+01
-9.170254516601562500e+01
-9.170557403564453125e+01
-9.171124267578125000e+01
-9.171752166748046875e+01
-9.172087860107421875e+01
-9.172498321533203125e+01
-9.172488403320312500e+01
-9.172747802734375000e+01
-9.172837829589843750e+01
-9.173004150390625000e+01
-9.173801422119140625e+01
-9.175000762939453125e+01
-9.176250457763671875e+01
-9.177280426025390625e+01
