3.664999999999999858e+01 2.255999999999999872e+01 2.617000000000000171e+01 2.617000000000000171e+01 2.176999999999999957e+01 4.767999999999999972e+01 2.008999999999999986e+01 3.311999999999999744e+01 5.182999999999999829e+01
2.714999999999999858e+01 1.671999999999999886e+01 1.937999999999999901e+01 1.937999999999999901e+01 1.612999999999999901e+01 3.532000000000000028e+01 1.489000000000000057e+01 2.453999999999999915e+01 3.839000000000000057e+01
2.048999999999999844e+01 1.321000000000000085e+01 1.619999999999999929e+01 1.451999999999999957e+01 1.728000000000000114e+01 2.975000000000000000e+01 1.191000000000000014e+01 1.901999999999999957e+01 3.292000000000000171e+01
1.642000000000000171e+01 1.089000000000000057e+01 1.422000000000000064e+01 1.161999999999999922e+01 2.078999999999999915e+01 2.471000000000000085e+01 1.098000000000000043e+01 1.575999999999999979e+01 2.667000000000000171e+01
1.383000000000000007e+01 9.740000000000000213e+00 1.239000000000000057e+01 9.859999999999999432e+00 2.614999999999999858e+01 2.185000000000000142e+01 1.242999999999999972e+01 1.423000000000000043e+01 2.103000000000000114e+01
1.191000000000000014e+01 9.009999999999999787e+00 1.091000000000000014e+01 8.720000000000000639e+00 3.328000000000000114e+01 2.037999999999999901e+01 1.493999999999999950e+01 1.380000000000000071e+01 1.755999999999999872e+01
1.060999999999999943e+01 8.679999999999999716e+00 9.509999999999999787e+00 8.179999999999999716e+00 4.317000000000000171e+01 1.982000000000000028e+01 1.837000000000000099e+01 1.356000000000000050e+01 1.583999999999999986e+01
9.630000000000000782e+00 8.669999999999999929e+00 8.369999999999999218e+00 7.570000000000000284e+00 5.652000000000000313e+01 1.948999999999999844e+01 2.307000000000000028e+01 1.411999999999999922e+01 1.494999999999999929e+01
8.919999999999999929e+00 8.960000000000000853e+00 7.570000000000000284e+00 7.009999999999999787e+00 7.118000000000000682e+01 1.908999999999999986e+01 2.917000000000000171e+01 1.405000000000000071e+01 1.507000000000000028e+01
8.330000000000000071e+00 9.029999999999999361e+00 6.860000000000000320e+00 6.410000000000000142e+00 9.114000000000000057e+01 1.830000000000000071e+01 3.710999999999999943e+01 1.367999999999999972e+01 1.551999999999999957e+01
7.860000000000000320e+00 9.089999999999999858e+00 6.230000000000000426e+00 5.910000000000000142e+00 9.443000000000000682e+01 1.769999999999999929e+01 4.810000000000000142e+01 1.400000000000000000e+01 1.607000000000000028e+01
7.459999999999999964e+00 9.009999999999999787e+00 5.679999999999999716e+00 5.639999999999999680e+00 8.554999999999999716e+01 1.689000000000000057e+01 5.782000000000000028e+01 1.424000000000000021e+01 1.696000000000000085e+01
7.129999999999999893e+00 9.070000000000000284e+00 5.240000000000000213e+00 5.459999999999999964e+00 7.351999999999999602e+01 1.635000000000000142e+01 7.135999999999999943e+01 1.397000000000000064e+01 1.821000000000000085e+01
6.849999999999999645e+00 9.140000000000000568e+00 4.929999999999999716e+00 5.269999999999999574e+00 6.064000000000000057e+01 1.592999999999999972e+01 6.987999999999999545e+01 1.460999999999999943e+01 1.919999999999999929e+01
6.620000000000000107e+00 9.130000000000000782e+00 4.629999999999999893e+00 5.080000000000000071e+00 4.940999999999999659e+01 1.544999999999999929e+01 7.346999999999999886e+01 1.526999999999999957e+01 2.026999999999999957e+01
6.419999999999999929e+00 9.029999999999999361e+00 4.440000000000000391e+00 4.969999999999999751e+00 4.082000000000000028e+01 1.513000000000000078e+01 7.090000000000000568e+01 1.633999999999999986e+01 2.112000000000000099e+01
6.269999999999999574e+00 8.910000000000000142e+00 4.259999999999999787e+00 4.879999999999999893e+00 3.413000000000000256e+01 1.459999999999999964e+01 7.385999999999999943e+01 1.746000000000000085e+01 2.153000000000000114e+01
6.150000000000000355e+00 9.009999999999999787e+00 4.129999999999999893e+00 4.610000000000000320e+00 2.933999999999999986e+01 1.444999999999999929e+01 7.696999999999999886e+01 1.880999999999999872e+01 2.335000000000000142e+01
6.049999999999999822e+00 9.099999999999999645e+00 4.019999999999999574e+00 4.370000000000000107e+00 2.594000000000000128e+01 1.427999999999999936e+01 8.137999999999999545e+01 1.987999999999999901e+01 2.526999999999999957e+01
5.969999999999999751e+00 9.029999999999999361e+00 3.959999999999999964e+00 4.150000000000000355e+00 2.326000000000000156e+01 1.417999999999999972e+01 8.965000000000000568e+01 2.098000000000000043e+01 2.728000000000000114e+01
5.900000000000000355e+00 9.009999999999999787e+00 3.910000000000000142e+00 3.970000000000000195e+00 2.087000000000000099e+01 1.408000000000000007e+01 1.010699999999999932e+02 2.173999999999999844e+01 3.037000000000000099e+01
5.839999999999999858e+00 9.230000000000000426e+00 3.859999999999999876e+00 3.770000000000000018e+00 1.901999999999999957e+01 1.391000000000000014e+01 9.978000000000000114e+01 2.164999999999999858e+01 3.484000000000000341e+01
5.790000000000000036e+00 9.349999999999999645e+00 3.830000000000000071e+00 3.580000000000000071e+00 1.751000000000000156e+01 1.381000000000000050e+01 9.731000000000000227e+01 2.289000000000000057e+01 4.131000000000000227e+01
5.750000000000000000e+00 9.429999999999999716e+00 3.810000000000000053e+00 3.439999999999999947e+00 1.637000000000000099e+01 1.398000000000000043e+01 8.993999999999999773e+01 2.435000000000000142e+01 5.010999999999999943e+01
5.709999999999999964e+00 9.490000000000000213e+00 3.799999999999999822e+00 3.319999999999999840e+00 1.550000000000000000e+01 1.374000000000000021e+01 8.378000000000000114e+01 2.655000000000000071e+01 6.310999999999999943e+01
5.679999999999999716e+00 9.619999999999999218e+00 3.770000000000000018e+00 3.189999999999999947e+00 1.476999999999999957e+01 1.377999999999999936e+01 8.168000000000000682e+01 2.753000000000000114e+01 7.668999999999999773e+01
5.629999999999999893e+00 9.820000000000000284e+00 3.790000000000000036e+00 3.069999999999999840e+00 1.421000000000000085e+01 1.366999999999999993e+01 7.873000000000000398e+01 2.830999999999999872e+01 9.709000000000000341e+01
5.570000000000000284e+00 1.010999999999999943e+01 3.810000000000000053e+00 2.970000000000000195e+00 1.368999999999999950e+01 1.368999999999999950e+01 7.629999999999999716e+01 2.776000000000000156e+01 1.173799999999999955e+02
5.540000000000000036e+00 1.038000000000000078e+01 3.839999999999999858e+00 2.879999999999999893e+00 1.324000000000000021e+01 1.357000000000000028e+01 7.059000000000000341e+01 2.660999999999999943e+01 1.217399999999999949e+02
5.500000000000000000e+00 1.043999999999999950e+01 3.830000000000000071e+00 2.790000000000000036e+00 1.283000000000000007e+01 1.315000000000000036e+01 6.293999999999999773e+01 2.589000000000000057e+01 1.070999999999999943e+02
5.459999999999999964e+00 1.047000000000000064e+01 3.799999999999999822e+00 2.720000000000000195e+00 1.250000000000000000e+01 1.259999999999999964e+01 5.764000000000000057e+01 2.423999999999999844e+01 9.101000000000000512e+01
5.419999999999999929e+00 1.057000000000000028e+01 3.729999999999999982e+00 2.649999999999999911e+00 1.217999999999999972e+01 1.226999999999999957e+01 5.382999999999999829e+01 2.308999999999999986e+01 8.656999999999999318e+01
5.400000000000000355e+00 1.106000000000000050e+01 3.689999999999999947e+00 2.589999999999999858e+00 1.188000000000000078e+01 1.184999999999999964e+01 5.147999999999999687e+01 2.232999999999999829e+01 8.492000000000000171e+01
5.379999999999999893e+00 1.191999999999999993e+01 3.649999999999999911e+00 2.509999999999999787e+00 1.165000000000000036e+01 1.161999999999999922e+01 5.247999999999999687e+01 2.133999999999999986e+01 8.687999999999999545e+01
5.370000000000000107e+00 1.283000000000000007e+01 3.589999999999999858e+00 2.439999999999999947e+00 1.141000000000000014e+01 1.142999999999999972e+01 5.564999999999999858e+01 2.133999999999999986e+01 9.129000000000000625e+01
5.370000000000000107e+00 1.365000000000000036e+01 3.509999999999999787e+00 2.390000000000000124e+00 1.115000000000000036e+01 1.125999999999999979e+01 5.829999999999999716e+01 2.023000000000000043e+01 9.862000000000000455e+01
5.360000000000000320e+00 1.444999999999999929e+01 3.419999999999999929e+00 2.330000000000000071e+00 1.090000000000000036e+01 1.114000000000000057e+01 5.934000000000000341e+01 1.914999999999999858e+01 1.062000000000000028e+02
5.360000000000000320e+00 1.474000000000000021e+01 3.339999999999999858e+00 2.279999999999999805e+00 1.063000000000000078e+01 1.099000000000000021e+01 5.992000000000000171e+01 1.844999999999999929e+01 1.140000000000000000e+02
5.360000000000000320e+00 1.477999999999999936e+01 3.279999999999999805e+00 2.229999999999999982e+00 1.038000000000000078e+01 1.074000000000000021e+01 5.965999999999999659e+01 1.771999999999999886e+01 1.200100000000000051e+02
5.349999999999999645e+00 1.471000000000000085e+01 3.220000000000000195e+00 2.200000000000000178e+00 1.013000000000000078e+01 1.052999999999999936e+01 5.896000000000000085e+01 1.737999999999999901e+01 1.200699999999999932e+02
5.349999999999999645e+00 1.463000000000000078e+01 3.140000000000000124e+00 2.180000000000000160e+00 9.890000000000000568e+00 1.042999999999999972e+01 5.696999999999999886e+01 1.694000000000000128e+01 1.160000000000000000e+02
5.360000000000000320e+00 1.458000000000000007e+01 3.049999999999999822e+00 2.160000000000000142e+00 9.679999999999999716e+00 1.017999999999999972e+01 5.564999999999999858e+01 1.635999999999999943e+01 1.128799999999999955e+02
5.389999999999999680e+00 1.473000000000000043e+01 2.950000000000000178e+00 2.129999999999999893e+00 9.490000000000000213e+00 1.000999999999999979e+01 5.440999999999999659e+01 1.617999999999999972e+01 1.113499999999999943e+02
5.440000000000000391e+00 1.435999999999999943e+01 2.870000000000000107e+00 2.129999999999999893e+00 9.330000000000000071e+00 9.880000000000000782e+00 5.289999999999999858e+01 1.569999999999999929e+01 1.139699999999999989e+02
5.490000000000000213e+00 1.446000000000000085e+01 2.799999999999999822e+00 2.129999999999999893e+00 9.189999999999999503e+00 9.779999999999999361e+00 5.267000000000000171e+01 1.457000000000000028e+01 1.237000000000000028e+02
5.540000000000000036e+00 1.493999999999999950e+01 2.729999999999999982e+00 2.140000000000000124e+00 9.070000000000000284e+00 9.669999999999999929e+00 5.282999999999999829e+01 1.381000000000000050e+01 1.339900000000000091e+02
5.599999999999999645e+00 1.532000000000000028e+01 2.680000000000000160e+00 2.149999999999999911e+00 8.960000000000000853e+00 9.699999999999999289e+00 5.327000000000000313e+01 1.325000000000000000e+01 1.418899999999999864e+02
5.650000000000000355e+00 1.584999999999999964e+01 2.629999999999999893e+00 2.149999999999999911e+00 8.849999999999999645e+00 9.720000000000000639e+00 5.313000000000000256e+01 1.291999999999999993e+01 1.402299999999999898e+02
5.700000000000000178e+00 1.662999999999999901e+01 2.580000000000000071e+00 2.149999999999999911e+00 8.699999999999999289e+00 9.890000000000000568e+00 5.339999999999999858e+01 1.251999999999999957e+01 1.308899999999999864e+02
5.759999999999999787e+00 1.744999999999999929e+01 2.520000000000000018e+00 2.149999999999999911e+00 8.589999999999999858e+00 1.007000000000000028e+01 5.440999999999999659e+01 1.207000000000000028e+01 1.204099999999999966e+02
5.820000000000000284e+00 1.801000000000000156e+01 2.470000000000000195e+00 2.149999999999999911e+00 8.480000000000000426e+00 1.025000000000000000e+01 5.461999999999999744e+01 1.184999999999999964e+01 1.109599999999999937e+02
5.879999999999999893e+00 1.905000000000000071e+01 2.419999999999999929e+00 2.149999999999999911e+00 8.410000000000000142e+00 1.041000000000000014e+01 5.564000000000000057e+01 1.172000000000000064e+01 1.058299999999999983e+02
5.940000000000000391e+00 2.078999999999999915e+01 2.379999999999999893e+00 2.149999999999999911e+00 8.369999999999999218e+00 1.064000000000000057e+01 5.738000000000000256e+01 1.152999999999999936e+01 1.020999999999999943e+02
5.980000000000000426e+00 2.117000000000000171e+01 2.330000000000000071e+00 2.140000000000000124e+00 8.310000000000000497e+00 1.089000000000000057e+01 5.914000000000000057e+01 1.138000000000000078e+01 9.928000000000000114e+01
6.009999999999999787e+00 2.019999999999999929e+01 2.299999999999999822e+00 2.140000000000000124e+00 8.269999999999999574e+00 1.111999999999999922e+01 6.328999999999999915e+01 1.117999999999999972e+01 9.768000000000000682e+01
6.040000000000000036e+00 1.907000000000000028e+01 2.259999999999999787e+00 2.129999999999999893e+00 8.250000000000000000e+00 1.125000000000000000e+01 6.701000000000000512e+01 1.101999999999999957e+01 9.331999999999999318e+01
6.059999999999999609e+00 1.739000000000000057e+01 2.220000000000000195e+00 2.120000000000000107e+00 8.250000000000000000e+00 1.149000000000000021e+01 7.154000000000000625e+01 1.089000000000000057e+01 9.079000000000000625e+01
6.080000000000000071e+00 1.583000000000000007e+01 2.160000000000000142e+00 2.109999999999999876e+00 8.259999999999999787e+00 1.185999999999999943e+01 7.540000000000000568e+01 1.084999999999999964e+01 8.790000000000000568e+01
6.099999999999999645e+00 1.466999999999999993e+01 2.120000000000000107e+00 2.089999999999999858e+00 8.250000000000000000e+00 1.250000000000000000e+01 7.826000000000000512e+01 1.066000000000000014e+01 8.706999999999999318e+01
6.110000000000000320e+00 1.380000000000000071e+01 2.080000000000000071e+00 2.060000000000000053e+00 8.240000000000000213e+00 1.308999999999999986e+01 8.095999999999999375e+01 1.058000000000000007e+01 8.945000000000000284e+01
6.150000000000000355e+00 1.300999999999999979e+01 2.040000000000000036e+00 2.040000000000000036e+00 8.210000000000000853e+00 1.343999999999999950e+01 8.393999999999999773e+01 1.041000000000000014e+01 9.343000000000000682e+01
6.190000000000000391e+00 1.230000000000000071e+01 2.000000000000000000e+00 2.020000000000000018e+00 8.189999999999999503e+00 1.393999999999999950e+01 8.825000000000000000e+01 1.033000000000000007e+01 9.493999999999999773e+01
6.240000000000000213e+00 1.177999999999999936e+01 1.959999999999999964e+00 1.989999999999999991e+00 8.169999999999999929e+00 1.417999999999999972e+01 9.115000000000000568e+01 1.033000000000000007e+01 9.531999999999999318e+01
6.299999999999999822e+00 1.143999999999999950e+01 1.919999999999999929e+00 1.979999999999999982e+00 8.160000000000000142e+00 1.447000000000000064e+01 9.248999999999999488e+01 1.048000000000000043e+01 9.714000000000000057e+01
6.360000000000000320e+00 1.125999999999999979e+01 1.879999999999999893e+00 1.959999999999999964e+00 8.140000000000000568e+00 1.467999999999999972e+01 9.037999999999999545e+01 1.050000000000000000e+01 9.650000000000000000e+01
6.419999999999999929e+00 1.121000000000000085e+01 1.860000000000000098e+00 1.939999999999999947e+00 8.119999999999999218e+00 1.471000000000000085e+01 8.503000000000000114e+01 1.055000000000000071e+01 9.395000000000000284e+01
6.490000000000000213e+00 1.128999999999999915e+01 1.840000000000000080e+00 1.929999999999999938e+00 8.089999999999999858e+00 1.508000000000000007e+01 8.265000000000000568e+01 1.075000000000000000e+01 9.209000000000000341e+01
6.570000000000000284e+00 1.155000000000000071e+01 1.810000000000000053e+00 1.899999999999999911e+00 8.050000000000000711e+00 1.551999999999999957e+01 8.101999999999999602e+01 1.108000000000000007e+01 9.218999999999999773e+01
6.669999999999999929e+00 1.198000000000000043e+01 1.790000000000000036e+00 1.879999999999999893e+00 8.029999999999999361e+00 1.583000000000000007e+01 8.084000000000000341e+01 1.138000000000000078e+01 9.568999999999999773e+01
6.759999999999999787e+00 1.236999999999999922e+01 1.770000000000000018e+00 1.860000000000000098e+00 8.009999999999999787e+00 1.605999999999999872e+01 8.001000000000000512e+01 1.163000000000000078e+01 1.016500000000000057e+02
6.849999999999999645e+00 1.273000000000000043e+01 1.760000000000000009e+00 1.830000000000000071e+00 7.980000000000000426e+00 1.660999999999999943e+01 7.898999999999999488e+01 1.211999999999999922e+01 1.074099999999999966e+02
6.919999999999999929e+00 1.300999999999999979e+01 1.750000000000000000e+00 1.800000000000000044e+00 7.980000000000000426e+00 1.694999999999999929e+01 7.565999999999999659e+01 1.256000000000000050e+01 1.103199999999999932e+02
6.980000000000000426e+00 1.322000000000000064e+01 1.729999999999999982e+00 1.790000000000000036e+00 7.990000000000000213e+00 1.742999999999999972e+01 7.301999999999999602e+01 1.306000000000000050e+01 1.069000000000000057e+02
7.049999999999999822e+00 1.343999999999999950e+01 1.719999999999999973e+00 1.780000000000000027e+00 7.969999999999999751e+00 1.762999999999999901e+01 7.075000000000000000e+01 1.374000000000000021e+01 1.021099999999999994e+02
7.099999999999999645e+00 1.364000000000000057e+01 1.719999999999999973e+00 1.770000000000000018e+00 7.959999999999999964e+00 1.798000000000000043e+01 6.867000000000000171e+01 1.428999999999999915e+01 9.725000000000000000e+01
7.169999999999999929e+00 1.385999999999999943e+01 1.709999999999999964e+00 1.750000000000000000e+00 7.940000000000000391e+00 1.875000000000000000e+01 6.818999999999999773e+01 1.458000000000000007e+01 9.057999999999999829e+01
7.240000000000000213e+00 1.409999999999999964e+01 1.699999999999999956e+00 1.739999999999999991e+00 7.919999999999999929e+00 1.957999999999999829e+01 6.917000000000000171e+01 1.439000000000000057e+01 8.564000000000000057e+01
7.309999999999999609e+00 1.449000000000000021e+01 1.689999999999999947e+00 1.729999999999999982e+00 7.900000000000000355e+00 2.064000000000000057e+01 7.389000000000000057e+01 1.457000000000000028e+01 8.051999999999999602e+01
7.400000000000000355e+00 1.500999999999999979e+01 1.679999999999999938e+00 1.719999999999999973e+00 7.900000000000000355e+00 2.166000000000000014e+01 8.184999999999999432e+01 1.498000000000000043e+01 7.712000000000000455e+01
7.500000000000000000e+00 1.556000000000000050e+01 1.669999999999999929e+00 1.709999999999999964e+00 7.870000000000000107e+00 2.348999999999999844e+01 8.856999999999999318e+01 1.547000000000000064e+01 7.639000000000000057e+01
7.599999999999999645e+00 1.572000000000000064e+01 1.659999999999999920e+00 1.699999999999999956e+00 7.929999999999999716e+00 2.419999999999999929e+01 8.750000000000000000e+01 1.524000000000000021e+01 7.523999999999999488e+01
7.700000000000000178e+00 1.556000000000000050e+01 1.649999999999999911e+00 1.699999999999999956e+00 7.990000000000000213e+00 2.453999999999999915e+01 8.829000000000000625e+01 1.486999999999999922e+01 7.382999999999999829e+01
7.790000000000000036e+00 1.501999999999999957e+01 1.639999999999999902e+00 1.699999999999999956e+00 8.039999999999999147e+00 2.501000000000000156e+01 9.107999999999999829e+01 1.468999999999999950e+01 7.287999999999999545e+01
7.870000000000000107e+00 1.457000000000000028e+01 1.620000000000000107e+00 1.699999999999999956e+00 8.070000000000000284e+00 2.501000000000000156e+01 9.312000000000000455e+01 1.451999999999999957e+01 7.235999999999999943e+01
7.950000000000000178e+00 1.425999999999999979e+01 1.610000000000000098e+00 1.709999999999999964e+00 8.119999999999999218e+00 2.446999999999999886e+01 9.242000000000000171e+01 1.439000000000000057e+01 7.226999999999999602e+01
8.050000000000000711e+00 1.407000000000000028e+01 1.600000000000000089e+00 1.719999999999999973e+00 8.169999999999999929e+00 2.407000000000000028e+01 8.812999999999999545e+01 1.441000000000000014e+01 7.179000000000000625e+01
8.160000000000000142e+00 1.402999999999999936e+01 1.590000000000000080e+00 1.719999999999999973e+00 8.220000000000000639e+00 2.330000000000000071e+01 8.643000000000000682e+01 1.435999999999999943e+01 7.206999999999999318e+01
8.289999999999999147e+00 1.433999999999999986e+01 1.580000000000000071e+00 1.729999999999999982e+00 8.279999999999999361e+00 2.242000000000000171e+01 8.512999999999999545e+01 1.413000000000000078e+01 7.114000000000000057e+01
8.449999999999999289e+00 1.493999999999999950e+01 1.570000000000000062e+00 1.729999999999999982e+00 8.310000000000000497e+00 2.146000000000000085e+01 8.737999999999999545e+01 1.401999999999999957e+01 7.151000000000000512e+01
8.609999999999999432e+00 1.550000000000000000e+01 1.560000000000000053e+00 1.739999999999999991e+00 8.330000000000000071e+00 2.032999999999999829e+01 9.071999999999999886e+01 1.409999999999999964e+01 7.267000000000000171e+01
8.779999999999999361e+00 1.599000000000000021e+01 1.550000000000000044e+00 1.750000000000000000e+00 8.310000000000000497e+00 1.953999999999999915e+01 9.062000000000000455e+01 1.433999999999999986e+01 7.334000000000000341e+01
8.919999999999999929e+00 1.610000000000000142e+01 1.540000000000000036e+00 1.760000000000000009e+00 8.279999999999999361e+00 1.842000000000000171e+01 8.851999999999999602e+01 1.449000000000000021e+01 7.264000000000000057e+01
9.060000000000000497e+00 1.601999999999999957e+01 1.530000000000000027e+00 1.760000000000000009e+00 8.269999999999999574e+00 1.757999999999999829e+01 8.865999999999999659e+01 1.452999999999999936e+01 7.179000000000000625e+01
9.189999999999999503e+00 1.565000000000000036e+01 1.530000000000000027e+00 1.760000000000000009e+00 8.279999999999999361e+00 1.648000000000000043e+01 8.884999999999999432e+01 1.423000000000000043e+01 7.073000000000000398e+01
9.310000000000000497e+00 1.517999999999999972e+01 1.520000000000000018e+00 1.760000000000000009e+00 8.310000000000000497e+00 1.560999999999999943e+01 8.723000000000000398e+01 1.396000000000000085e+01 6.984000000000000341e+01
9.439999999999999503e+00 1.480000000000000071e+01 1.510000000000000009e+00 1.760000000000000009e+00 8.349999999999999645e+00 1.497000000000000064e+01 8.446999999999999886e+01 1.349000000000000021e+01 6.881999999999999318e+01
9.580000000000000071e+00 1.457000000000000028e+01 1.489999999999999991e+00 1.739999999999999991e+00 8.410000000000000142e+00 1.446000000000000085e+01 8.460999999999999943e+01 1.280000000000000071e+01 6.809000000000000341e+01
9.750000000000000000e+00 1.448000000000000043e+01 1.479999999999999982e+00 1.739999999999999991e+00 8.460000000000000853e+00 1.358999999999999986e+01 8.257999999999999829e+01 1.230000000000000071e+01 6.948000000000000398e+01
9.949999999999999289e+00 1.452999999999999936e+01 1.469999999999999973e+00 1.719999999999999973e+00 8.490000000000000213e+00 1.308999999999999986e+01 8.465000000000000568e+01 1.200999999999999979e+01 7.176999999999999602e+01
1.014000000000000057e+01 1.447000000000000064e+01 1.449999999999999956e+00 1.709999999999999964e+00 8.519999999999999574e+00 1.272000000000000064e+01 8.807999999999999829e+01 1.206000000000000050e+01 7.446999999999999886e+01
1.032000000000000028e+01 1.433000000000000007e+01 1.439999999999999947e+00 1.709999999999999964e+00 8.519999999999999574e+00 1.210999999999999943e+01 8.920000000000000284e+01 1.216000000000000014e+01 7.790000000000000568e+01
1.048000000000000043e+01 1.391000000000000014e+01 1.429999999999999938e+00 1.709999999999999964e+00 8.480000000000000426e+00 1.131000000000000050e+01 9.118000000000000682e+01 1.223000000000000043e+01 7.856999999999999318e+01
1.060999999999999943e+01 1.343999999999999950e+01 1.419999999999999929e+00 1.699999999999999956e+00 8.449999999999999289e+00 1.090000000000000036e+01 9.087999999999999545e+01 1.225000000000000000e+01 7.676999999999999602e+01
1.075999999999999979e+01 1.297000000000000064e+01 1.409999999999999920e+00 1.689999999999999947e+00 8.410000000000000142e+00 1.048000000000000043e+01 8.873000000000000398e+01 1.274000000000000021e+01 7.290000000000000568e+01
1.092999999999999972e+01 1.257000000000000028e+01 1.399999999999999911e+00 1.669999999999999929e+00 8.330000000000000071e+00 1.028999999999999915e+01 8.785999999999999943e+01 1.266000000000000014e+01 6.917000000000000171e+01
1.115000000000000036e+01 1.228999999999999915e+01 1.389999999999999902e+00 1.669999999999999929e+00 8.279999999999999361e+00 1.031000000000000050e+01 8.920999999999999375e+01 1.286999999999999922e+01 6.704000000000000625e+01
1.144999999999999929e+01 1.218999999999999950e+01 1.379999999999999893e+00 1.669999999999999929e+00 8.259999999999999787e+00 1.041999999999999993e+01 9.332999999999999829e+01 1.330000000000000071e+01 6.668999999999999773e+01
1.181000000000000050e+01 1.222000000000000064e+01 1.370000000000000107e+00 1.659999999999999920e+00 8.230000000000000426e+00 1.049000000000000021e+01 9.765999999999999659e+01 1.358999999999999986e+01 6.751000000000000512e+01
1.217999999999999972e+01 1.228999999999999915e+01 1.370000000000000107e+00 1.649999999999999911e+00 8.189999999999999503e+00 1.044999999999999929e+01 1.003100000000000023e+02 1.344999999999999929e+01 6.976999999999999602e+01
1.258000000000000007e+01 1.233999999999999986e+01 1.360000000000000098e+00 1.649999999999999911e+00 8.130000000000000782e+00 1.034999999999999964e+01 1.019800000000000040e+02 1.316999999999999993e+01 7.195000000000000284e+01
1.291000000000000014e+01 1.219999999999999929e+01 1.350000000000000089e+00 1.639999999999999902e+00 8.109999999999999432e+00 1.041999999999999993e+01 9.634000000000000341e+01 1.271000000000000085e+01 7.451999999999999602e+01
1.323000000000000043e+01 1.203999999999999915e+01 1.350000000000000089e+00 1.620000000000000107e+00 8.089999999999999858e+00 1.066000000000000014e+01 9.042000000000000171e+01 1.241000000000000014e+01 7.479999999999999716e+01
1.358999999999999986e+01 1.191000000000000014e+01 1.340000000000000080e+00 1.600000000000000089e+00 8.089999999999999858e+00 1.097000000000000064e+01 8.634000000000000341e+01 1.216999999999999993e+01 7.535999999999999943e+01
1.398000000000000043e+01 1.178999999999999915e+01 1.330000000000000071e+00 1.580000000000000071e+00 8.060000000000000497e+00 1.119999999999999929e+01 8.417000000000000171e+01 1.200999999999999979e+01 7.473000000000000398e+01
1.442999999999999972e+01 1.167999999999999972e+01 1.320000000000000062e+00 1.550000000000000044e+00 8.009999999999999787e+00 1.135999999999999943e+01 8.056000000000000227e+01 1.174000000000000021e+01 7.631000000000000227e+01
1.483999999999999986e+01 1.153999999999999915e+01 1.320000000000000062e+00 1.540000000000000036e+00 7.959999999999999964e+00 1.131000000000000050e+01 7.951000000000000512e+01 1.117999999999999972e+01 7.829000000000000625e+01
1.531000000000000050e+01 1.143999999999999950e+01 1.310000000000000053e+00 1.530000000000000027e+00 7.900000000000000355e+00 1.133999999999999986e+01 7.918999999999999773e+01 1.086999999999999922e+01 8.420000000000000284e+01
1.580000000000000071e+01 1.132000000000000028e+01 1.300000000000000044e+00 1.520000000000000018e+00 7.809999999999999609e+00 1.152999999999999936e+01 7.801999999999999602e+01 1.038000000000000078e+01 9.201000000000000512e+01
1.616000000000000014e+01 1.116000000000000014e+01 1.300000000000000044e+00 1.510000000000000009e+00 7.750000000000000000e+00 1.156000000000000050e+01 7.571999999999999886e+01 9.820000000000000284e+00 1.001800000000000068e+02
1.646000000000000085e+01 1.093999999999999950e+01 1.290000000000000036e+00 1.500000000000000000e+00 7.660000000000000142e+00 1.181000000000000050e+01 7.325000000000000000e+01 9.310000000000000497e+00 1.061400000000000006e+02
1.657000000000000028e+01 1.065000000000000036e+01 1.290000000000000036e+00 1.479999999999999982e+00 7.580000000000000071e+00 1.194999999999999929e+01 7.089000000000000057e+01 8.720000000000000639e+00 1.036800000000000068e+02
1.651999999999999957e+01 1.025999999999999979e+01 1.280000000000000027e+00 1.469999999999999973e+00 7.480000000000000426e+00 1.207000000000000028e+01 6.756000000000000227e+01 8.259999999999999787e+00 1.010900000000000034e+02
1.653999999999999915e+01 9.970000000000000639e+00 1.270000000000000018e+00 1.449999999999999956e+00 7.429999999999999716e+00 1.203999999999999915e+01 6.537000000000000455e+01 7.959999999999999964e+00 9.645999999999999375e+01
1.669999999999999929e+01 9.730000000000000426e+00 1.260000000000000009e+00 1.439999999999999947e+00 7.370000000000000107e+00 1.181000000000000050e+01 6.492000000000000171e+01 7.700000000000000178e+00 9.659999999999999432e+01
1.696000000000000085e+01 9.609999999999999432e+00 1.260000000000000009e+00 1.419999999999999929e+00 7.309999999999999609e+00 1.141999999999999993e+01 6.556999999999999318e+01 7.500000000000000000e+00 1.035400000000000063e+02
1.723000000000000043e+01 9.490000000000000213e+00 1.250000000000000000e+00 1.409999999999999920e+00 7.240000000000000213e+00 1.109999999999999964e+01 6.576999999999999602e+01 7.419999999999999929e+00 1.105199999999999960e+02
1.744000000000000128e+01 9.369999999999999218e+00 1.239999999999999991e+00 1.389999999999999902e+00 7.160000000000000142e+00 1.099000000000000021e+01 6.457999999999999829e+01 7.349999999999999645e+00 1.121400000000000006e+02
1.764000000000000057e+01 9.279999999999999361e+00 1.229999999999999982e+00 1.379999999999999893e+00 7.110000000000000320e+00 1.058000000000000007e+01 6.450000000000000000e+01 7.320000000000000284e+00 1.141200000000000045e+02
1.771999999999999886e+01 9.119999999999999218e+00 1.219999999999999973e+00 1.379999999999999893e+00 7.059999999999999609e+00 1.016000000000000014e+01 6.302000000000000313e+01 7.200000000000000178e+00 1.112199999999999989e+02
1.771000000000000085e+01 8.960000000000000853e+00 1.209999999999999964e+00 1.379999999999999893e+00 7.030000000000000249e+00 9.689999999999999503e+00 6.128000000000000114e+01 7.200000000000000178e+00 1.053900000000000006e+02
1.764999999999999858e+01 8.800000000000000711e+00 1.209999999999999964e+00 1.379999999999999893e+00 6.990000000000000213e+00 9.179999999999999716e+00 6.078999999999999915e+01 7.269999999999999574e+00 1.008900000000000006e+02
1.755999999999999872e+01 8.640000000000000568e+00 1.199999999999999956e+00 1.379999999999999893e+00 6.919999999999999929e+00 8.669999999999999929e+00 6.117000000000000171e+01 7.339999999999999858e+00 9.498999999999999488e+01
1.757000000000000028e+01 8.480000000000000426e+00 1.189999999999999947e+00 1.389999999999999902e+00 6.860000000000000320e+00 8.250000000000000000e+00 6.259000000000000341e+01 7.429999999999999716e+00 9.217000000000000171e+01
1.773000000000000043e+01 8.349999999999999645e+00 1.189999999999999947e+00 1.389999999999999902e+00 6.820000000000000284e+00 7.780000000000000249e+00 6.610999999999999943e+01 7.480000000000000426e+00 8.906000000000000227e+01
1.764999999999999858e+01 8.179999999999999716e+00 1.189999999999999947e+00 1.389999999999999902e+00 6.790000000000000036e+00 7.330000000000000071e+00 6.879000000000000625e+01 7.679999999999999716e+00 8.578000000000000114e+01
1.751999999999999957e+01 8.000000000000000000e+00 1.189999999999999947e+00 1.389999999999999902e+00 6.769999999999999574e+00 6.910000000000000142e+00 7.231999999999999318e+01 7.809999999999999609e+00 8.493999999999999773e+01
1.735999999999999943e+01 7.759999999999999787e+00 1.189999999999999947e+00 1.389999999999999902e+00 6.780000000000000249e+00 6.530000000000000249e+00 7.453000000000000114e+01 7.860000000000000320e+00 8.278000000000000114e+01
1.712999999999999901e+01 7.519999999999999574e+00 1.189999999999999947e+00 1.379999999999999893e+00 6.809999999999999609e+00 6.290000000000000036e+00 7.779999999999999716e+01 7.950000000000000178e+00 8.087999999999999545e+01
1.680000000000000071e+01 7.280000000000000249e+00 1.179999999999999938e+00 1.370000000000000107e+00 6.839999999999999858e+00 6.049999999999999822e+00 7.951999999999999602e+01 8.109999999999999432e+00 7.768000000000000682e+01
1.617999999999999972e+01 6.990000000000000213e+00 1.179999999999999938e+00 1.360000000000000098e+00 6.849999999999999645e+00 5.849999999999999645e+00 7.759000000000000341e+01 8.410000000000000142e+00 7.298000000000000398e+01
1.574000000000000021e+01 6.740000000000000213e+00 1.179999999999999938e+00 1.340000000000000080e+00 6.870000000000000107e+00 5.679999999999999716e+00 7.850000000000000000e+01 8.849999999999999645e+00 7.109999999999999432e+01
1.550000000000000000e+01 6.530000000000000249e+00 1.169999999999999929e+00 1.320000000000000062e+00 6.889999999999999680e+00 5.570000000000000284e+00 8.106999999999999318e+01 9.300000000000000711e+00 7.054999999999999716e+01
1.535999999999999943e+01 6.360000000000000320e+00 1.169999999999999929e+00 1.300000000000000044e+00 6.910000000000000142e+00 5.459999999999999964e+00 8.620999999999999375e+01 9.880000000000000782e+00 7.048999999999999488e+01
1.531000000000000050e+01 6.230000000000000426e+00 1.169999999999999929e+00 1.280000000000000027e+00 6.929999999999999716e+00 5.349999999999999645e+00 9.392000000000000171e+01 1.016999999999999993e+01 7.178000000000000114e+01
1.530000000000000071e+01 6.120000000000000107e+00 1.169999999999999929e+00 1.270000000000000018e+00 6.950000000000000178e+00 5.299999999999999822e+00 1.003799999999999955e+02 1.032000000000000028e+01 7.087000000000000455e+01
1.531000000000000050e+01 6.040000000000000036e+00 1.159999999999999920e+00 1.260000000000000009e+00 6.940000000000000391e+00 5.299999999999999822e+00 1.036899999999999977e+02 1.041999999999999993e+01 6.995000000000000284e+01
1.528999999999999915e+01 5.950000000000000178e+00 1.159999999999999920e+00 1.250000000000000000e+00 6.950000000000000178e+00 5.299999999999999822e+00 1.029200000000000017e+02 1.028999999999999915e+01 6.892000000000000171e+01
1.534999999999999964e+01 5.870000000000000107e+00 1.159999999999999920e+00 1.239999999999999991e+00 6.959999999999999964e+00 5.269999999999999574e+00 9.796999999999999886e+01 1.016000000000000014e+01 6.673999999999999488e+01
1.558999999999999986e+01 5.839999999999999858e+00 1.149999999999999911e+00 1.239999999999999991e+00 6.959999999999999964e+00 5.200000000000000178e+00 9.045000000000000284e+01 1.010999999999999943e+01 6.496999999999999886e+01
1.605000000000000071e+01 5.820000000000000284e+00 1.149999999999999911e+00 1.229999999999999982e+00 7.019999999999999574e+00 5.160000000000000142e+00 8.715000000000000568e+01 1.026999999999999957e+01 6.306000000000000227e+01
1.676000000000000156e+01 5.830000000000000071e+00 1.149999999999999911e+00 1.219999999999999973e+00 7.040000000000000036e+00 5.160000000000000142e+00 8.912999999999999545e+01 1.066999999999999993e+01 6.082999999999999829e+01
1.750000000000000000e+01 5.839999999999999858e+00 1.149999999999999911e+00 1.209999999999999964e+00 7.040000000000000036e+00 5.219999999999999751e+00 9.023000000000000398e+01 1.099000000000000021e+01 5.942999999999999972e+01
1.814999999999999858e+01 5.849999999999999645e+00 1.139999999999999902e+00 1.199999999999999956e+00 7.040000000000000036e+00 5.269999999999999574e+00 9.298999999999999488e+01 1.158000000000000007e+01 5.774000000000000199e+01
1.864000000000000057e+01 5.860000000000000320e+00 1.139999999999999902e+00 1.189999999999999947e+00 7.019999999999999574e+00 5.339999999999999858e+00 9.820000000000000284e+01 1.208999999999999986e+01 5.497999999999999687e+01
1.869000000000000128e+01 5.860000000000000320e+00 1.129999999999999893e+00 1.179999999999999938e+00 7.009999999999999787e+00 5.320000000000000284e+00 9.665000000000000568e+01 1.240000000000000036e+01 5.310999999999999943e+01
1.830999999999999872e+01 5.839999999999999858e+00 1.120000000000000107e+00 1.169999999999999929e+00 7.000000000000000000e+00 5.379999999999999893e+00 9.400000000000000000e+01 1.303999999999999915e+01 5.034000000000000341e+01
1.792000000000000171e+01 5.809999999999999609e+00 1.110000000000000098e+00 1.159999999999999920e+00 6.969999999999999751e+00 5.440000000000000391e+00 9.084999999999999432e+01 1.382000000000000028e+01 4.793999999999999773e+01
1.760000000000000142e+01 5.780000000000000249e+00 1.100000000000000089e+00 1.139999999999999902e+00 6.929999999999999716e+00 5.480000000000000426e+00 9.240000000000000568e+01 1.451999999999999957e+01 4.646000000000000085e+01
1.742999999999999972e+01 5.769999999999999574e+00 1.090000000000000080e+00 1.139999999999999902e+00 6.900000000000000355e+00 5.500000000000000000e+00 9.740999999999999659e+01 1.471000000000000085e+01 4.646000000000000085e+01
1.741000000000000014e+01 5.769999999999999574e+00 1.080000000000000071e+00 1.129999999999999893e+00 6.860000000000000320e+00 5.500000000000000000e+00 1.080900000000000034e+02 1.489000000000000057e+01 4.640999999999999659e+01
1.735000000000000142e+01 5.780000000000000249e+00 1.070000000000000062e+00 1.129999999999999893e+00 6.830000000000000071e+00 5.469999999999999751e+00 1.159800000000000040e+02 1.475000000000000000e+01 4.647999999999999687e+01
1.717999999999999972e+01 5.790000000000000036e+00 1.060000000000000053e+00 1.129999999999999893e+00 6.769999999999999574e+00 5.440000000000000391e+00 1.125999999999999943e+02 1.456000000000000050e+01 4.625000000000000000e+01
1.707000000000000028e+01 5.799999999999999822e+00 1.050000000000000044e+00 1.129999999999999893e+00 6.709999999999999964e+00 5.400000000000000355e+00 1.076299999999999955e+02 1.386999999999999922e+01 4.561999999999999744e+01
1.707000000000000028e+01 5.830000000000000071e+00 1.040000000000000036e+00 1.120000000000000107e+00 6.700000000000000178e+00 5.429999999999999716e+00 1.041599999999999966e+02 1.353999999999999915e+01 4.578999999999999915e+01
1.717000000000000171e+01 5.860000000000000320e+00 1.030000000000000027e+00 1.110000000000000098e+00 6.660000000000000142e+00 5.450000000000000178e+00 1.007300000000000040e+02 1.348000000000000043e+01 4.578000000000000114e+01
1.748999999999999844e+01 5.910000000000000142e+00 1.030000000000000027e+00 1.110000000000000098e+00 6.639999999999999680e+00 5.469999999999999751e+00 1.012500000000000000e+02 1.369999999999999929e+01 4.661999999999999744e+01
1.776999999999999957e+01 5.940000000000000391e+00 1.030000000000000027e+00 1.100000000000000089e+00 6.639999999999999680e+00 5.450000000000000178e+00 1.014099999999999966e+02 1.441999999999999993e+01 4.771000000000000085e+01
1.798000000000000043e+01 5.959999999999999964e+00 1.020000000000000018e+00 1.090000000000000080e+00 6.599999999999999645e+00 5.429999999999999716e+00 1.037600000000000051e+02 1.519999999999999929e+01 4.922999999999999687e+01
1.794999999999999929e+01 5.969999999999999751e+00 1.020000000000000018e+00 1.080000000000000071e+00 6.549999999999999822e+00 5.440000000000000391e+00 1.008100000000000023e+02 1.575999999999999979e+01 5.124000000000000199e+01
1.780999999999999872e+01 5.990000000000000213e+00 1.020000000000000018e+00 1.060000000000000053e+00 6.490000000000000213e+00 5.379999999999999893e+00 9.495999999999999375e+01 1.603000000000000114e+01 5.352000000000000313e+01
1.771999999999999886e+01 5.990000000000000213e+00 1.020000000000000018e+00 1.050000000000000044e+00 6.450000000000000178e+00 5.309999999999999609e+00 9.256000000000000227e+01 1.637000000000000099e+01 5.685000000000000142e+01
1.760999999999999943e+01 5.990000000000000213e+00 1.010000000000000009e+00 1.040000000000000036e+00 6.429999999999999716e+00 5.250000000000000000e+00 9.285999999999999943e+01 1.660000000000000142e+01 5.917000000000000171e+01
1.742000000000000171e+01 5.959999999999999964e+00 1.010000000000000009e+00 1.040000000000000036e+00 6.410000000000000142e+00 5.190000000000000391e+00 9.334000000000000341e+01 1.694999999999999929e+01 6.060999999999999943e+01
1.717000000000000171e+01 5.929999999999999716e+00 1.010000000000000009e+00 1.040000000000000036e+00 6.429999999999999716e+00 5.099999999999999645e+00 9.443000000000000682e+01 1.717999999999999972e+01 6.242000000000000171e+01
1.703999999999999915e+01 5.889999999999999680e+00 1.010000000000000009e+00 1.040000000000000036e+00 6.450000000000000178e+00 4.959999999999999964e+00 9.581999999999999318e+01 1.805000000000000071e+01 6.397999999999999687e+01
1.683999999999999986e+01 5.839999999999999858e+00 1.000000000000000000e+00 1.030000000000000027e+00 6.480000000000000426e+00 4.790000000000000036e+00 9.551000000000000512e+01 1.880999999999999872e+01 6.673000000000000398e+01
1.675000000000000000e+01 5.820000000000000284e+00 1.000000000000000000e+00 1.030000000000000027e+00 6.500000000000000000e+00 4.629999999999999893e+00 9.535999999999999943e+01 1.921999999999999886e+01 7.039000000000000057e+01
1.667999999999999972e+01 5.769999999999999574e+00 1.000000000000000000e+00 1.020000000000000018e+00 6.509999999999999787e+00 4.459999999999999964e+00 9.079000000000000625e+01 1.976999999999999957e+01 7.460999999999999943e+01
1.664999999999999858e+01 5.730000000000000426e+00 9.899999999999999911e-01 1.020000000000000018e+00 6.530000000000000249e+00 4.330000000000000071e+00 8.396999999999999886e+01 2.073999999999999844e+01 7.920999999999999375e+01
1.664999999999999858e+01 5.709999999999999964e+00 9.899999999999999911e-01 1.020000000000000018e+00 6.490000000000000213e+00 4.209999999999999964e+00 7.815000000000000568e+01 2.242000000000000171e+01 8.459999999999999432e+01
1.698000000000000043e+01 5.690000000000000391e+00 9.899999999999999911e-01 1.020000000000000018e+00 6.469999999999999751e+00 4.120000000000000107e+00 7.337000000000000455e+01 2.553000000000000114e+01 9.510999999999999943e+01
1.723999999999999844e+01 5.679999999999999716e+00 9.799999999999999822e-01 1.020000000000000018e+00 6.459999999999999964e+00 4.059999999999999609e+00 6.907999999999999829e+01 2.858999999999999986e+01 1.020600000000000023e+02
1.735000000000000142e+01 5.660000000000000142e+00 9.799999999999999822e-01 1.020000000000000018e+00 6.429999999999999716e+00 3.959999999999999964e+00 6.518000000000000682e+01 3.117999999999999972e+01 1.049099999999999966e+02
1.742000000000000171e+01 5.639999999999999680e+00 9.699999999999999734e-01 1.020000000000000018e+00 6.400000000000000355e+00 3.890000000000000124e+00 6.118999999999999773e+01 3.432000000000000028e+01 1.072500000000000000e+02
1.757000000000000028e+01 5.620000000000000107e+00 9.699999999999999734e-01 1.010000000000000009e+00 6.360000000000000320e+00 3.859999999999999876e+00 5.806000000000000227e+01 3.914000000000000057e+01 1.103599999999999994e+02
1.778000000000000114e+01 5.599999999999999645e+00 9.699999999999999734e-01 1.010000000000000009e+00 6.339999999999999858e+00 3.819999999999999840e+00 5.621999999999999886e+01 4.568999999999999773e+01 1.094699999999999989e+02
1.787999999999999901e+01 5.589999999999999858e+00 9.599999999999999645e-01 1.010000000000000009e+00 6.309999999999999609e+00 3.819999999999999840e+00 5.552000000000000313e+01 4.111999999999999744e+01 1.058900000000000006e+02
1.805999999999999872e+01 5.580000000000000071e+00 9.599999999999999645e-01 1.000000000000000000e+00 6.269999999999999574e+00 3.819999999999999840e+00 5.356000000000000227e+01 3.827000000000000313e+01 1.013199999999999932e+02
1.841000000000000014e+01 5.570000000000000284e+00 9.599999999999999645e-01 9.899999999999999911e-01 6.230000000000000426e+00 3.819999999999999840e+00 5.234000000000000341e+01 3.742000000000000171e+01 9.751999999999999602e+01
1.894999999999999929e+01 5.589999999999999858e+00 9.599999999999999645e-01 9.799999999999999822e-01 6.200000000000000178e+00 3.839999999999999858e+00 5.167999999999999972e+01 3.796000000000000085e+01 9.343000000000000682e+01
1.944999999999999929e+01 5.589999999999999858e+00 9.499999999999999556e-01 9.799999999999999822e-01 6.139999999999999680e+00 3.890000000000000124e+00 5.117999999999999972e+01 4.254999999999999716e+01 9.118000000000000682e+01
1.987999999999999901e+01 5.620000000000000107e+00 9.499999999999999556e-01 9.699999999999999734e-01 6.080000000000000071e+00 3.939999999999999947e+00 5.015999999999999659e+01 4.453999999999999915e+01 9.273000000000000398e+01
2.003999999999999915e+01 5.629999999999999893e+00 9.499999999999999556e-01 9.699999999999999734e-01 6.000000000000000000e+00 3.990000000000000213e+00 4.892000000000000171e+01 5.365999999999999659e+01 9.745000000000000284e+01
1.953999999999999915e+01 5.620000000000000107e+00 9.499999999999999556e-01 9.599999999999999645e-01 5.919999999999999929e+00 4.000000000000000000e+00 4.632000000000000028e+01 6.604999999999999716e+01 9.759000000000000341e+01
1.857000000000000028e+01 5.570000000000000284e+00 9.499999999999999556e-01 9.599999999999999645e-01 5.839999999999999858e+00 4.000000000000000000e+00 4.325000000000000000e+01 7.296999999999999886e+01 9.668000000000000682e+01
1.750000000000000000e+01 5.509999999999999787e+00 9.399999999999999467e-01 9.499999999999999556e-01 5.769999999999999574e+00 4.040000000000000036e+00 4.086999999999999744e+01 6.931999999999999318e+01 9.518999999999999773e+01
1.667999999999999972e+01 5.459999999999999964e+00 9.399999999999999467e-01 9.399999999999999467e-01 5.700000000000000178e+00 4.089999999999999858e+00 3.882999999999999829e+01 6.721999999999999886e+01 9.509999999999999432e+01
1.630000000000000071e+01 5.440000000000000391e+00 9.399999999999999467e-01 9.399999999999999467e-01 5.629999999999999893e+00 4.120000000000000107e+00 3.761999999999999744e+01 7.353000000000000114e+01 9.468000000000000682e+01
1.626999999999999957e+01 5.429999999999999716e+00 9.300000000000000488e-01 9.300000000000000488e-01 5.570000000000000284e+00 4.209999999999999964e+00 3.646999999999999886e+01 9.106999999999999318e+01 9.518999999999999773e+01
1.642999999999999972e+01 5.429999999999999716e+00 9.300000000000000488e-01 9.300000000000000488e-01 5.519999999999999574e+00 4.309999999999999609e+00 3.557999999999999829e+01 9.857999999999999829e+01 9.362000000000000455e+01
