1.000000000000000000e+01
9.700001716613769531e+00
9.409210205078125000e+00
9.145036697387695312e+00
8.958585739135742188e+00
8.907458305358886719e+00
8.937473297119140625e+00
9.021679878234863281e+00
9.128067016601562500e+00
9.235576629638671875e+00
9.312920570373535156e+00
9.351622581481933594e+00
9.349421501159667969e+00
9.314300537109375000e+00
9.262204170227050781e+00
9.204353332519531250e+00
9.147375106811523438e+00
9.097471237182617188e+00
9.056674003601074219e+00
9.028985023498535156e+00
9.010548591613769531e+00
8.990202903747558594e+00
8.965453147888183594e+00
8.937108993530273438e+00
8.914422035217285156e+00
8.896652221679687500e+00
8.880475044250488281e+00
8.858511924743652344e+00
8.822404861450195312e+00
8.779612541198730469e+00
8.752845764160156250e+00
8.747959136962890625e+00
8.768503189086914062e+00
8.807063102722167969e+00
8.855385780334472656e+00
8.905062675476074219e+00
8.943418502807617188e+00
8.946005821228027344e+00
8.914062500000000000e+00
8.851707458496093750e+00
8.766438484191894531e+00
8.676009178161621094e+00
8.590630531311035156e+00
8.527188301086425781e+00
8.488264083862304688e+00
8.471901893615722656e+00
8.462875366210937500e+00
8.457710266113281250e+00
8.458688735961914062e+00
8.469467163085937500e+00
8.500010490417480469e+00
8.543979644775390625e+00
8.596759796142578125e+00
8.637454032897949219e+00
8.663532257080078125e+00
8.673470497131347656e+00
8.672647476196289062e+00
8.663228034973144531e+00
8.654351234436035156e+00
8.646644592285156250e+00
8.637399673461914062e+00
8.624035835266113281e+00
8.606586456298828125e+00
8.589886665344238281e+00
8.582479476928710938e+00
8.573228836059570312e+00
8.574347496032714844e+00
8.581182479858398438e+00
8.599154472351074219e+00
8.627284049987792969e+00
8.653650283813476562e+00
8.660622596740722656e+00
8.654134750366210938e+00
8.643632888793945312e+00
8.627539634704589844e+00
8.622597694396972656e+00
8.612390518188476562e+00
8.616822242736816406e+00
8.636525154113769531e+00
8.654088020324707031e+00
8.657400131225585938e+00
8.638824462890625000e+00
8.614100456237792969e+00
8.586295127868652344e+00
8.554235458374023438e+00
8.536750793457031250e+00
8.531326293945312500e+00
8.554574012756347656e+00
8.594174385070800781e+00
8.634161949157714844e+00
8.660868644714355469e+00
8.668550491333007812e+00
8.660686492919921875e+00
8.635046005249023438e+00
8.605800628662109375e+00
8.583381652832031250e+00
8.578138351440429688e+00
8.589205741882324219e+00
8.623590469360351562e+00
8.649224281311035156e+00
8.659500122070312500e+00
8.647121429443359375e+00
8.620351791381835938e+00
8.586534500122070312e+00
8.555396080017089844e+00
8.534688949584960938e+00
8.537639617919921875e+00
8.561738014221191406e+00
8.583397865295410156e+00
8.594297409057617188e+00
8.581872940063476562e+00
8.565462112426757812e+00
8.553948402404785156e+00
8.547307968139648438e+00
8.555533409118652344e+00
8.567945480346679688e+00
8.591649055480957031e+00
8.609766006469726562e+00
8.607561111450195312e+00
8.588695526123046875e+00
8.548702239990234375e+00
8.500373840332031250e+00
8.461277961730957031e+00
8.439466476440429688e+00
8.440944671630859375e+00
8.451508522033691406e+00
8.460553169250488281e+00
8.471374511718750000e+00
8.471040725708007812e+00
8.467182159423828125e+00
8.476980209350585938e+00
8.494315147399902344e+00
8.523487091064453125e+00
8.564413070678710938e+00
8.591201782226562500e+00
8.613842010498046875e+00
8.635985374450683594e+00
8.647603034973144531e+00
8.642732620239257812e+00
8.615143775939941406e+00
8.596630096435546875e+00
8.600612640380859375e+00
8.604922294616699219e+00
8.612113952636718750e+00
8.612319946289062500e+00
8.601263999938964844e+00
8.570500373840332031e+00
8.535189628601074219e+00
8.515474319458007812e+00
8.522801399230957031e+00
8.555900573730468750e+00
8.598778724670410156e+00
8.634672164916992188e+00
8.653267860412597656e+00
8.636116027832031250e+00
8.595161437988281250e+00
8.555774688720703125e+00
8.523529052734375000e+00
8.510403633117675781e+00
8.507821083068847656e+00
8.502407073974609375e+00
8.481151580810546875e+00
8.463305473327636719e+00
8.455561637878417969e+00
8.462290763854980469e+00
8.491901397705078125e+00
8.524272918701171875e+00
8.547631263732910156e+00
8.553801536560058594e+00
8.552371025085449219e+00
8.559680938720703125e+00
8.568775177001953125e+00
8.569262504577636719e+00
8.565852165222167969e+00
8.561934471130371094e+00
8.543015480041503906e+00
8.534491539001464844e+00
8.520724296569824219e+00
8.517201423645019531e+00
8.521013259887695312e+00
8.556944847106933594e+00
8.579474449157714844e+00
8.584590911865234375e+00
8.572998046875000000e+00
8.552264213562011719e+00
8.532387733459472656e+00
8.497292518615722656e+00
8.471644401550292969e+00
8.463504791259765625e+00
8.484637260437011719e+00
8.515535354614257812e+00
8.559894561767578125e+00
8.595841407775878906e+00
8.604873657226562500e+00
8.576561927795410156e+00
8.523695945739746094e+00
8.482707023620605469e+00
8.471680641174316406e+00
8.487429618835449219e+00
8.513484954833984375e+00
