-1.108163528442382812e+02
-1.105163650512695312e+02
-1.102163238525390625e+02
-1.099154968261718750e+02
-1.096136627197265625e+02
-1.093107070922851562e+02
-1.090066986083984375e+02
-1.087016143798828125e+02
-1.083965835571289062e+02
-1.080922012329101562e+02
-1.077902526855468750e+02
-1.074902572631835938e+02
-1.071947021484375000e+02
-1.069005737304687500e+02
-1.066079483032226562e+02
-1.063154830932617188e+02
-1.060242843627929688e+02
-1.057337265014648438e+02
-1.054434738159179688e+02
-1.051534576416015625e+02
-1.048640213012695312e+02
-1.045762634277343750e+02
-1.042897720336914062e+02
-1.040044555664062500e+02
-1.037204895019531250e+02
-1.034386138916015625e+02
-1.031581344604492188e+02
-1.028805847167968750e+02
-1.026050567626953125e+02
-1.023302383422851562e+02
-1.020564651489257812e+02
-1.017857437133789062e+02
-1.015176086425781250e+02
-1.012537002563476562e+02
-1.009928054809570312e+02
-1.007336349487304688e+02
-1.004762878417968750e+02
-1.002242126464843750e+02
-9.997814178466796875e+01
-9.973699951171875000e+01
-9.950055694580078125e+01
-9.926914215087890625e+01
-9.904210662841796875e+01
-9.881468963623046875e+01
-9.859348297119140625e+01
-9.837470245361328125e+01
-9.816098785400390625e+01
-9.795005798339843750e+01
-9.774266052246093750e+01
-9.753882598876953125e+01
-9.733443450927734375e+01
-9.713542175292968750e+01
-9.694243621826171875e+01
-9.675052642822265625e+01
-9.656098175048828125e+01
-9.637740325927734375e+01
-9.619506835937500000e+01
-9.601589202880859375e+01
-9.584282684326171875e+01
-9.567482757568359375e+01
-9.550981903076171875e+01
-9.534717559814453125e+01
-9.519165802001953125e+01
-9.504134368896484375e+01
-9.489458465576171875e+01
-9.475000762939453125e+01
-9.461055755615234375e+01
-9.447869873046875000e+01
-9.435213470458984375e+01
-9.422502899169921875e+01
-9.410229492187500000e+01
-9.398291778564453125e+01
-9.386902618408203125e+01
-9.375807952880859375e+01
-9.364764404296875000e+01
-9.353876495361328125e+01
-9.343424224853515625e+01
-9.333335113525390625e+01
-9.323544311523437500e+01
-9.314133453369140625e+01
-9.304411315917968750e+01
-9.295098876953125000e+01
-9.285772705078125000e+01
-9.276755523681640625e+01
-9.267999267578125000e+01
-9.259490203857421875e+01
-9.251580810546875000e+01
-9.243484497070312500e+01
-9.236078643798828125e+01
-9.228847503662109375e+01
-9.221791076660156250e+01
-9.214495849609375000e+01
-9.207766723632812500e+01
-9.201486206054687500e+01
-9.195585632324218750e+01
-9.189801025390625000e+01
-9.184387207031250000e+01
-9.178916168212890625e+01
-9.174354553222656250e+01
-9.170343017578125000e+01
-9.166504669189453125e+01
-9.163266754150390625e+01
-9.159876251220703125e+01
-9.156407165527343750e+01
-9.152715301513671875e+01
-9.149304962158203125e+01
-9.146722412109375000e+01
-9.144322967529296875e+01
-9.142307281494140625e+01
-9.140515899658203125e+01
-9.138909149169921875e+01
-9.137210845947265625e+01
-9.135491180419921875e+01
-9.133968353271484375e+01
-9.133078765869140625e+01
-9.131731414794921875e+01
-9.130959320068359375e+01
-9.130281829833984375e+01
-9.129917907714843750e+01
-9.129722595214843750e+01
-9.128980255126953125e+01
-9.127808380126953125e+01
-9.126278686523437500e+01
-9.124835205078125000e+01
-9.124331665039062500e+01
-9.123690795898437500e+01
-9.123538970947265625e+01
-9.123621368408203125e+01
-9.123387145996093750e+01
-9.122911071777343750e+01
-9.123501586914062500e+01
-9.124104309082031250e+01
-9.124728393554687500e+01
-9.125397491455078125e+01
-9.125404357910156250e+01
-9.125254058837890625e+01
-9.124298095703125000e+01
-9.123579406738281250e+01
-9.123138427734375000e+01
-9.121697235107421875e+01
-9.120044708251953125e+01
-9.118353271484375000e+01
-9.116791534423828125e+01
-9.115614318847656250e+01
-9.114176177978515625e+01
-9.112938690185546875e+01
-9.111537933349609375e+01
-9.110276031494140625e+01
-9.109173583984375000e+01
-9.107948303222656250e+01
-9.106463623046875000e+01
-9.104792785644531250e+01
-9.103345489501953125e+01
-9.101844024658203125e+01
-9.099985504150390625e+01
-9.098039245605468750e+01
-9.096142578125000000e+01
-9.094169616699218750e+01
-9.092849731445312500e+01
-9.091536712646484375e+01
-9.090700531005859375e+01
-9.089698791503906250e+01
-9.089444732666015625e+01
-9.089397430419921875e+01
-9.089262390136718750e+01
-9.089253997802734375e+01
-9.089974212646484375e+01
-9.090575408935546875e+01
-9.090849304199218750e+01
-9.091129302978515625e+01
-9.091699981689453125e+01
-9.091809082031250000e+01
-9.091859436035156250e+01
-9.092551422119140625e+01
-9.093245697021484375e+01
-9.093834686279296875e+01
-9.094776153564453125e+01
-9.096144866943359375e+01
-9.097040557861328125e+01
-9.097277069091796875e+01
-9.097905731201171875e+01
-9.098327636718750000e+01
-9.098810577392578125e+01
-9.099526214599609375e+01
-9.100896453857421875e+01
-9.102127838134765625e+01
-9.103295898437500000e+01
-9.104396820068359375e+01
-9.105266571044921875e+01
-9.105928802490234375e+01
-9.106097412109375000e+01
-9.106114196777343750e+01
-9.106826019287109375e+01
-9.106683349609375000e+01
-9.106951141357421875e+01
-9.107061767578125000e+01
-9.106912994384765625e+01
-9.106992340087890625e+01
-9.107331085205078125e+01
-9.107806396484375000e+01
